-146356.692344
0
0.000000 0.000000 0.001287 0.000000 0.002196 0.000000 0.000000 0.001550 0.005112 0.001940 0.009333 0.002904 0.000000 0.000000 0.000000 0.000000 0.000105 0.000794 0.000001 0.000001 0.000000 0.000000 0.000000 0.000000 0.000022 0.000001 0.000001 0.001336 0.000851 0.000000 0.001824 0.000124 0.019578 0.005115 0.013080 0.006495 0.000000 0.000000 0.000000 0.001033 0.000000 0.001271 0.001390 0.000390 0.000000 0.000000 0.000000 0.000000 0.000001 0.000000 0.000000 0.000000 0.000000 0.000005 0.000451 0.000000 0.005562 0.007354 0.007564 0.002201 0.000000 0.000000 0.000000 0.000000 0.000000 0.000001 0.000001 0.000002 0.000000 0.000000 0.001391 0.000000 0.004963 0.005693 0.000001 0.004809 0.030376 0.009896 0.007974 0.041305 0.361650 0.107396 0.143619 0.179375 0.000000 0.000000 0.000000 0.000000 0.000000 0.000001 0.000000 0.000004 0.000000 0.000000 0.000000 0.000000 0.000000 0.000000 0.000000 0.000000 0.000000 0.000000 0.000000 0.000000 0.000000 0.000000 0.000534 0.000000 0.000000 0.000000 0.000067 0.000000 0.000067 0.000000 0.000000 
0.000001 0.001478 0.011241 0.003252 0.000003 0.000000 0.007294 0.004256 0.006971 0.018581 0.016026 0.007181 0.003757 0.015288 0.023901 0.011427 0.039306 0.006442 0.019643 0.006271 0.001429 0.000000 0.003266 0.007272 0.014866 0.002847 0.022300 0.002192 0.000038 0.010642 0.000000 0.005232 0.028136 0.028277 0.026601 0.021230 0.014211 0.023867 0.052538 0.018287 0.008403 0.001053 0.008419 0.007799 0.000000 0.013350 0.012183 0.003043 0.005325 0.000000 0.003655 0.003920 0.000000 0.007251 0.004533 0.000001 0.008506 0.014067 0.011679 0.002482 0.009573 0.006047 0.013494 0.004987 0.004460 0.007985 0.020114 0.004537 0.000000 0.001501 0.007977 0.000000 0.012239 0.005866 0.002415 0.001253 0.023181 0.012342 0.000110 0.011265 0.047207 0.029430 0.011299 0.037911 0.004494 0.018076 0.019594 0.010610 0.030576 0.008496 0.014209 0.012128 0.000000 0.000000 0.003403 0.002002 0.000000 0.000000 0.000000 0.000000 0.000000 0.000000 0.000000 0.000000 0.000000 0.000000 0.000000 0.000000 0.000000 0.000000 0.000000 0.000000 0.000000 0.000000 0.000000 
0.001387 0.000000 0.000001 0.000001 0.000019 0.000000 0.004708 0.006987 0.000418 0.000093 0.039349 0.010269 0.000000 0.000000 0.000000 0.000000 0.012534 0.005128 0.010383 0.010517 0.003329 0.000000 0.000000 0.005909 0.009459 0.000007 0.000008 0.000008 0.004535 0.000000 0.000000 0.004719 0.003263 0.005682 0.029151 0.000837 0.000000 0.000000 0.000000 0.003830 0.003613 0.008703 0.019950 0.003884 0.000000 0.000000 0.000000 0.000000 0.000014 0.000000 0.000007 0.000003 0.000000 0.006078 0.000005 0.003482 0.000384 0.007254 0.031284 0.017690 0.000000 0.000000 0.000000 0.000000 0.000000 0.007947 0.005498 0.023105 0.000000 0.000000 0.000055 0.000000 0.009837 0.000357 0.000005 0.007100 0.029670 0.040455 0.004371 0.033739 0.086138 0.032756 0.057051 0.028894 0.000000 0.000000 0.000000 0.002237 0.000000 0.010018 0.000000 0.004472 0.004552 0.000000 0.001217 0.000000 0.010171 0.074587 0.012431 0.053115 0.012431 0.024862 0.055375 0.027123 0.029383 0.011301 0.000000 0.007911 0.004520 0.011301 0.000000 0.001130 0.000000 0.000000 0.000000 
0.001599 0.000000 0.000001 0.000376 0.001729 0.001360 0.002335 0.002364 0.000728 0.002048 0.013997 0.000015 0.000000 0.000000 0.000000 0.000730 0.000538 0.000005 0.000001 0.000001 0.000000 0.000000 0.000000 0.000000 0.002484 0.001091 0.002861 0.000001 0.005770 0.000000 0.000000 0.006449 0.003738 0.002967 0.015357 0.003224 0.000000 0.000000 0.000000 0.000003 0.000000 0.000005 0.000018 0.000439 0.000000 0.000000 0.000000 0.000000 0.001890 0.000000 0.000731 0.000300 0.000000 0.001490 0.000000 0.004284 0.006679 0.001968 0.018136 0.004214 0.000000 0.000000 0.000000 0.000000 0.000000 0.000001 0.000001 0.000002 0.000000 0.000000 0.000304 0.000000 0.040933 0.025078 0.012859 0.024137 0.210442 0.065979 0.027603 0.243933 0.115018 0.029933 0.038778 0.052335 0.000000 0.000000 0.000000 0.000000 0.000000 0.000001 0.000000 0.000736 0.000000 0.000000 0.000000 0.000000 0.000000 0.000000 0.000000 0.000000 0.000000 0.000000 0.000000 0.000000 0.000000 0.000000 0.000000 0.000000 0.000000 0.000000 0.000000 0.000000 0.000000 0.000000 0.000000 
0.014523 0.016149 0.003239 0.009687 0.012734 0.008023 0.000001 0.005310 0.024049 0.013189 0.026209 0.019167 0.004589 0.000000 0.000000 0.000000 0.006933 0.008871 0.022310 0.019621 0.002983 0.004400 0.004868 0.000000 0.016142 0.019608 0.003127 0.014885 0.015973 0.012781 0.012181 0.011994 0.023610 0.013396 0.028093 0.035087 0.000000 0.000630 0.000000 0.001975 0.004982 0.012869 0.020551 0.010747 0.004155 0.000000 0.006773 0.009761 0.012337 0.022243 0.008319 0.012503 0.014177 0.005937 0.004789 0.006452 0.030416 0.022564 0.036947 0.028084 0.002266 0.003045 0.001874 0.003769 0.024234 0.014283 0.011695 0.014472 0.005866 0.003914 0.005196 0.008066 0.006657 0.021243 0.005048 0.018283 0.003465 0.014682 0.004524 0.006734 0.021743 0.014952 0.014052 0.007420 0.002704 0.001962 0.000000 0.003146 0.000000 0.007167 0.007701 0.003500 0.003419 0.006966 0.005025 0.009496 0.000000 0.000000 0.000000 0.000000 0.000000 0.000000 0.000000 0.000000 0.000000 0.000000 0.000000 0.000000 0.000000 0.000000 0.000000 0.000000 0.000000 0.000244 0.000244 
0.169141 0.293775 0.024344 0.055856 0.456884 
0.028216 0.074680 0.702176 0.040987 0.153941 
0.320560 0.024880 0.025485 0.538703 0.090373 
0.337163 0.042901 0.000000 0.483746 0.136190 
0.526292 0.173438 0.000000 0.007572 0.292697 
0.336539 0.041069 0.000000 0.376839 0.245553 
0.476872 0.262603 0.072342 0.148124 0.040058 
0.506837 0.247224 0.000000 0.131643 0.114295 
0.071151 0.789239 0.000000 0.120399 0.019211 
0.253030 0.360589 0.104660 0.254745 0.026976 
0.253046 0.425096 0.000000 0.276143 0.045716 
0.431710 0.083183 0.056150 0.278381 0.150577 
0.429461 0.088714 0.000000 0.268707 0.213118 
0.197633 0.069610 0.106035 0.078005 0.548717 
0.174019 0.097873 0.000000 0.100198 0.627911 
0.387348 0.037705 0.002898 0.392508 0.179541 
0.410209 0.030294 0.000000 0.378326 0.181170 
0.013967 0.420845 0.000000 0.062521 0.502667 
0.442750 0.080386 0.130176 0.009823 0.336865 
0.476490 0.102275 0.000000 0.008830 0.412406 
0.393820 0.025873 0.000000 0.560321 0.019986 
0.416498 0.037221 0.000000 0.484769 0.061512 
0.049276 0.171277 0.000000 0.228578 0.550869 
0.306582 0.050812 0.009100 0.555913 0.077593 
0.382768 0.163312 0.000000 0.317131 0.136789 
0.430105 0.219027 0.000000 0.014627 0.336241 
0.170442 0.010188 0.000000 0.764583 0.054786 
0.397773 0.145366 0.000000 0.255402 0.201459 
0.089547 0.247297 0.000000 0.220615 0.442541 
0.156719 0.186306 0.000000 0.272627 0.384348 
0.277468 0.089852 0.000000 0.525102 0.107578 
0.035978 0.239951 0.000000 0.551024 0.173046 
0.565019 0.023370 0.000000 0.207171 0.204440 
0.366477 0.052008 0.000000 0.481036 0.100478 
0.210440 0.104862 0.000000 0.459352 0.225347 
0.705473 0.021562 0.000000 0.170931 0.102034 
0.340763 0.013131 0.000000 0.512463 0.133644 
0.561604 0.014876 0.000000 0.405657 0.017863 
0.303368 0.228756 0.000000 0.041730 0.426145 
0.420432 0.029125 0.000000 0.472045 0.078397 
0.370247 0.040013 0.000000 0.502846 0.086893 
0.198162 0.032147 0.000000 0.741060 0.028632 
0.444208 0.175865 0.000000 0.328639 0.051288 
0.484285 0.005108 0.000000 0.500911 0.009697 
0.384379 0.014066 0.000000 0.550931 0.050624 
0.226779 0.058320 0.000000 0.532754 0.182147 
0.028706 0.274228 0.000000 0.022079 0.674987 
0.604436 0.096122 0.000000 0.156390 0.143052 
0.476070 0.067746 0.000000 0.405600 0.050584 
0.559593 0.005492 0.000000 0.335668 0.099247 
0.301316 0.043200 0.000000 0.443965 0.211519 
0.012494 0.105780 0.000000 0.069554 0.812172 
0.131198 0.038352 0.000000 0.634217 0.196233 
0.357072 0.011908 0.000000 0.577448 0.053571 
0.300822 0.204173 0.000000 0.122744 0.372261 
0.286520 0.077507 0.000000 0.447577 0.188396 
0.140785 0.052845 0.000000 0.618797 0.187573 
0.295118 0.182096 0.000000 0.185647 0.337139 
0.270447 0.136177 0.000000 0.428860 0.164516 
0.360445 0.052017 0.000000 0.444210 0.143328 
0.344457 0.092589 0.000000 0.336421 0.226533 
0.266727 0.076129 0.000000 0.531563 0.125581 
0.381393 0.017067 0.000000 0.465552 0.135988 
0.045977 0.399463 0.000000 0.161095 0.393464 
0.217880 0.178016 0.000000 0.396356 0.207749 
0.106583 0.143510 0.000000 0.371302 0.378605 
1.45341 0.722353 0.0341824 1.40824 1.04332 
