	Predicted_signature_1	Predicted_signature_2	Predicted_signature_3	Predicted_signature_4	Predicted_signature_5	Predicted_signature_6	Predicted_signature_7	Predicted_signature_8	Predicted_signature_9	Predicted_signature_10	Predicted_signature_11	Predicted_signature_12	Predicted_signature_13	
Sample_1	3e-06	0.0	0.0	0.268706	0.0	0.0	0.221007	2e-06	0.0	0.021827	0.098024	0.171731	0.2187	
Sample_2	3e-06	0.0	0.06042	0.217221	0.063171	0.0	0.143079	2e-06	0.0	0.097327	0.027259	0.148293	0.243225	
Sample_3	0.039836	0.0	0.054409	0.230817	0.0	0.0	0.111327	3e-06	0.144471	0.032208	0.097701	0.095472	0.193756	
Sample_4	0.064444	0.0	0.135301	0.222097	0.0	0.0	0.071607	2e-06	0.0	0.051761	0.057772	0.247704	0.149311	
Sample_5	2e-06	0.0	0.0	0.148227	0.162843	0.0	0.201193	0.060146	0.0	0.0	0.111905	0.029774	0.285908	
Sample_6	0.107349	0.0	0.0	0.268735	0.027053	0.022824	0.111298	2e-06	0.048763	0.067879	0.072684	0.273414	0.0	
Sample_7	2e-06	0.0	0.0	0.346668	0.081195	0.0	0.144601	0.028459	0.0	0.134789	0.046194	0.218091	1e-06	
Sample_8	0.097896	0.0	0.007604	0.291408	0.062686	0.150293	0.139641	1e-06	0.0	0.074412	0.01473	0.161328	0.0	
Sample_9	0.204009	0.0	0.029132	0.283376	0.0	0.094052	0.13615	2e-06	0.028177	0.030843	3.2e-05	0.194226	1e-06	
Sample_10	0.118827	0.0	0.007991	0.482321	0.0	0.0	0.239381	0.013852	0.0	0.043529	0.05059	0.043507	1e-06	
Sample_11	0.043439	0.0	0.0	0.411927	0.054292	0.0	0.181874	0.053256	0.0	0.078163	0.047437	0.12961	1e-06	
Sample_12	2e-06	0.0	0.0	0.489698	0.0	0.045034	0.111835	0.070839	0.088749	0.034442	0.050421	0.069121	0.03986	
Sample_13	0.066028	0.0	0.100478	0.30335	0.0	0.096811	0.169373	0.017801	0.001732	0.024052	0.077826	0.09047	0.052081	
Sample_14	2e-06	0.0	0.0	0.276829	0.081845	0.0	0.34172	2e-06	0.0	0.073273	0.091351	0.134977	1e-06	
Sample_15	2e-06	0.234942	0.0	0.386845	0.243335	0.0	0.058956	0.035777	0.0	0.027217	0.012681	0.000243	0.0	
Sample_16	0.10549	0.0	0.0	0.113383	0.031488	0.027861	0.096218	0.112376	0.327947	0.03219	0.011051	0.141996	0.0	
Sample_17	0.101882	0.0	0.0	0.1845	0.038205	0.0	0.050603	0.143202	0.405316	0.026108	0.009526	0.018363	0.022295	
Sample_18	0.096661	0.0	0.0	0.09378	0.0	0.091229	0.100141	1e-06	0.318897	0.051946	0.01096	0.172146	0.064239	
Sample_19	0.029665	0.0	0.0	0.200968	0.049503	0.0	0.073351	0.133497	0.213515	0.069867	0.019097	0.181365	0.029171	
Sample_20	0.047357	0.024782	0.0	0.288923	0.0	0.116614	0.083547	0.053475	0.177084	0.034944	0.091964	0.081309	0.0	
Sample_21	0.045573	0.0	0.0	0.39986	0.0	0.0	0.03739	2e-06	0.264845	2e-06	0.033535	0.172509	0.046283	
Sample_22	0.374889	0.0	0.0	0.11125	0.069706	0.165531	0.073975	0.055769	0.0	3e-06	3.4e-05	0.114846	0.033996	
Sample_23	0.507305	0.0	0.0	0.085573	0.0	0.079046	0.10561	2e-06	0.067632	0.128839	2.2e-05	0.000198	0.025772	
Sample_24	0.312481	0.0	0.0	0.157307	0.0	0.028995	5.2e-05	0.038914	0.0	0.056332	4e-05	0.222393	0.183485	
Sample_25	2e-06	0.022135	0.0	1.2e-05	0.01522	0.0	0.024892	0.046004	0.0	1e-06	2.1e-05	0.891712	0.0	
Sample_26	1e-06	0.0	0.0	9e-06	0.0	0.0	1.9e-05	0.001386	0.0	0.0	0.013207	0.985378	0.0	
Sample_27	3e-06	0.0	0.0	2.3e-05	0.0	0.053082	0.057731	2e-06	0.0	0.01752	0.04043	0.831208	1e-06	
Sample_28	3e-06	0.0	0.0	0.080008	0.0	0.023477	0.104665	0.015397	0.0	1e-06	0.013867	0.762582	1e-06	
Sample_29	3e-06	0.0	0.0	0.091541	0.0	0.0	0.044305	0.045061	0.0	1e-06	0.023091	0.795998	0.0	
Sample_30	0.031665	0.0	0.0	1.8e-05	0.0	0.073248	7.2e-05	2e-06	0.104237	1e-06	2.5e-05	0.790731	1e-06	
Sample_31	0.123796	0.0	0.019486	0.054655	0.0	0.0	0.128125	0.035308	0.0	1e-06	0.029472	0.609157	1e-06	
Sample_32	2e-06	0.0	0.0	2e-05	0.0	0.063226	7.5e-05	0.031742	0.0	0.036456	4e-05	0.556487	0.311953	
Sample_33	0.159136	0.0	0.0	2.6e-05	0.047989	0.008801	0.136344	2e-06	0.072287	0.071633	3.5e-05	0.388926	0.114821	
Sample_34	2e-06	0.0	0.0	0.249118	0.075104	0.0	0.063453	0.117244	0.0	0.058061	1.9e-05	0.367903	0.069095	
Sample_35	3e-06	0.0	0.0	0.239605	0.054625	0.0	0.119173	0.023352	0.0	0.059807	0.042188	0.461246	1e-06	
Sample_36	0.085628	0.0	0.0	0.051078	0.140789	0.094426	0.152835	0.044658	0.0	0.044093	0.096725	0.289767	0.0	
Sample_37	0.065172	0.0	0.0	0.12837	0.0	0.21649	0.032739	2e-06	0.0	0.046344	0.058511	0.197257	0.255115	
Sample_38	0.057102	0.0	0.018484	2.3e-05	0.0	0.177613	0.113383	2e-06	0.0	0.046644	0.033678	0.219192	0.333879	
Sample_39	0.052647	0.0	0.0	0.092396	0.0	0.445092	0.132574	0.03253	0.0	1e-06	0.155733	0.086591	0.002436	
Sample_40	0.014911	0.0	0.0	0.157744	0.0	0.384807	0.103456	1e-06	0.024183	0.0	0.150458	0.141649	0.02279	
Sample_41	1e-06	0.0	0.0	0.058411	0.0	0.658798	0.044592	0.0	0.0	0.0	0.183567	0.05463	0.0	
Sample_42	2e-06	0.0	0.0	2.7e-05	0.0	0.0	0.769236	2e-06	0.0886	1e-06	0.006394	0.064852	0.070887	
Sample_43	0.024839	0.0	0.0	1.6e-05	0.0	0.0	0.757825	0.076001	0.0	1e-06	0.010804	0.056939	0.073575	
Sample_44	3e-06	0.0	0.0	2.5e-05	0.117843	0.059023	0.530308	0.056029	0.008145	1e-06	0.039771	0.113838	0.075014	
Sample_45	0.041571	0.0	0.0	2.5e-05	0.0	0.0	0.589469	1e-06	0.180708	1e-06	0.010938	0.024181	0.153107	
Sample_46	2e-06	0.0	0.0	2.2e-05	0.0	0.0	0.587112	2e-06	0.275825	1e-06	0.024747	0.015537	0.096752	
Sample_47	1e-06	0.0	0.0	0.047435	0.0	0.0	0.048274	1e-06	0.017168	0.0	0.853427	0.033692	0.0	
Sample_48	0.011084	0.0	0.0	0.039197	0.0	0.031434	3.8e-05	2e-06	0.0	0.021652	0.895845	0.000748	0.0	
Sample_49	2e-06	0.0	0.0	0.0999	0.0	0.020683	0.054496	2e-06	0.037734	0.0	0.735633	0.028038	0.023511	
Sample_50	0.013073	0.00715	0.0	1.3e-05	0.0	0.053487	3.2e-05	1e-06	0.0	0.0	0.789953	0.13629	0.0	
Sample_51	1e-06	0.0	0.0	6e-06	0.0	0.036024	0.010006	1e-06	0.0	0.0	0.834019	0.119943	0.0	
Sample_52	1e-06	0.0	0.0	0.071998	0.0	0.148724	4.6e-05	0.028502	0.0	0.0	0.71371	0.037019	0.0	
Sample_53	0.074879	0.0	0.0	0.048783	0.0	0.0	0.03159	2e-06	0.072446	0.007226	0.619411	0.100028	0.045634	
Sample_54	0.152721	0.03123	0.0	0.073743	0.0	0.123221	0.000107	0.031356	0.0	2e-06	0.444537	0.143081	1e-06	
Sample_55	1e-06	0.0	0.0	9e-06	0.0	0.0	5.1e-05	0.743812	0.0	0.253977	0.001776	0.000373	0.0	
Sample_56	2e-06	0.0	0.0	1.1e-05	0.0	0.0	4.1e-05	0.861863	0.134248	0.0	0.003506	0.000328	0.0	
Sample_57	2e-06	0.064298	0.0	0.034784	0.064297	0.0	0.042982	0.397011	0.052023	0.041842	0.06347	0.156416	0.082876	
Sample_58	2e-06	0.086078	0.0	0.06179	0.07845	0.0	0.02063	0.497144	0.071117	1e-06	0.011873	0.093641	0.079275	
Sample_59	0.007747	0.170125	0.0	2.1e-05	0.0	0.0	8.2e-05	0.36976	0.164468	0.233947	3.4e-05	0.053816	1e-06	
Sample_60	0.023956	0.170528	0.027089	6e-06	0.0	0.0	2.3e-05	0.474523	0.0	0.212899	1.1e-05	0.008165	0.082799	
Sample_61	0.00704	0.182219	0.0	1.7e-05	0.0	0.0	7.8e-05	0.419423	0.231841	0.116113	1.1e-05	0.043258	0.0	
Sample_62	0.011994	0.201345	0.0	0.015322	0.0	0.0	7.9e-05	0.458742	0.268855	1e-06	1.2e-05	0.04365	0.0	
Sample_63	0.009185	0.096484	0.010078	1.7e-05	0.0	0.0	0.034801	0.487999	0.186429	1e-06	0.007314	0.05008	0.117612	
Sample_64	0.004675	0.293274	0.0	0.005393	0.002383	0.0	0.035883	0.297818	0.262538	0.0	7e-06	0.027656	0.070373	
Sample_65	0.061502	0.0	0.436766	2.2e-05	0.438447	0.0	0.045951	2e-06	0.0	1e-06	0.006368	0.000579	0.010362	
Sample_66	0.064459	0.0	0.41904	2e-05	0.468458	0.0	0.042703	2e-06	0.0	1e-06	0.004658	0.000658	1e-06	
Sample_67	0.0	0.0	0.605607	0.0	0.393267	0.0	2e-06	0.0	0.0	0.000581	0.000526	1.6e-05	0.0	
Sample_68	0.009678	0.0	0.21161	2e-05	0.772681	0.0	3.4e-05	1e-06	0.0	0.001171	4e-06	0.0048	0.0	
