	Predicted_signature_1	Predicted_signature_2	Predicted_signature_3	Predicted_signature_4	Predicted_signature_5	Predicted_signature_6	Predicted_signature_7	Predicted_signature_8	Predicted_signature_9	Predicted_signature_10	Predicted_signature_11	Predicted_signature_12	
Sample_1	0.0	0.0	0.235764	0.0	0.062323	0.007438	0.0	0.016529	0.0	0.0	0.07588	0.602066	
Sample_2	0.0	0.0	0.289891	0.0	0.0	0.027001	0.0	0.022376	0.0	0.0	3e-06	0.660729	
Sample_3	0.0	0.0	0.392247	0.0	0.0	0.0	0.0	0.0	0.0	0.0	3e-06	0.60775	
Sample_4	0.0	0.0	0.267052	0.0	0.0	0.0	0.0	0.164911	0.0	0.0	3e-06	0.568034	
Sample_5	0.015722	0.0	0.0	0.0	0.0	0.0	0.0	0.0	0.0	0.0	3e-06	0.984276	
Sample_6	0.0	0.0	0.0	0.0	0.0	0.0	0.0	0.151458	0.0	0.0	0.094104	0.754438	
Sample_7	0.0	0.0	0.05142	0.0	0.0	0.0	0.0	0.018311	0.0	0.0	0.199338	0.730931	
Sample_8	0.020616	0.0	0.0	0.0	0.0	0.0	0.0	0.0	0.0	0.0	0.247477	0.731907	
Sample_9	0.0	0.0	0.0	0.0	0.059121	0.0	0.0	0.0	0.0	0.0	0.198777	0.742102	
Sample_10	0.0	0.0	0.0	0.0	0.0	0.0	0.0	0.0	0.0	0.0	0.191992	0.808008	
Sample_11	0.0	0.0	0.0	0.0	0.0	0.0	0.0	0.0	0.0	0.015541	0.141319	0.84314	
Sample_12	0.014348	0.0	0.0	0.0	0.061129	0.0	0.112115	0.0	0.0	0.0	0.108625	0.703782	
Sample_13	0.007158	0.0	0.107549	0.0	0.0	0.037891	0.0	0.041421	0.0	0.0	0.082889	0.723091	
Sample_14	0.022754	0.0	0.113335	0.0	0.0	0.0	0.0	0.065624	0.0	0.0	0.070555	0.727732	
Sample_15	0.0	0.0	0.116445	0.0	0.0	0.016597	0.0	0.037059	0.0	0.0	0.180548	0.64935	
Sample_16	0.0	0.0	0.0	0.143161	0.0	0.0	0.0	0.0	0.0	0.0	0.169474	0.687365	
Sample_17	0.252203	0.0	0.124575	0.0	0.0	0.048808	0.0	0.023301	0.0	0.0	2e-06	0.55111	
Sample_18	0.030489	0.0	0.0	0.0	0.0	0.0	0.0	0.409981	0.0	0.068676	2e-06	0.490852	
Sample_19	0.034131	0.0	0.03523	0.0	0.0	0.0	0.0	0.347178	0.0	0.0	0.176377	0.407084	
Sample_20	0.0	0.0	0.520624	0.006503	0.0	0.004641	0.0	0.0	0.0	0.110458	0.153314	0.204461	
Sample_21	0.0	0.0	0.0	0.647236	0.050692	0.0	0.0	0.0	0.0	0.0	0.092273	0.2098	
Sample_22	0.032016	0.0	0.0	0.770045	0.0	0.0	0.0	0.0	0.0	0.0	3e-06	0.197935	
Sample_23	0.0	0.0	0.0	0.907864	0.0	0.0	0.0	0.037789	0.0	0.0	4e-06	0.054343	
Sample_24	0.124451	0.0	0.0	0.875545	0.0	0.0	0.0	0.0	0.0	0.0	3e-06	1e-06	
Sample_25	0.0	0.0	0.0	0.471651	0.0	0.0	0.0	0.0	0.0	0.0	3e-06	0.528346	
Sample_26	0.31515	0.0	0.0	0.0	0.0	0.0	0.0	0.022714	0.0	0.0	0.482747	0.17939	
Sample_27	0.395589	0.0	0.0	0.0	0.089687	0.0	0.0	0.0	0.0	0.0	0.25189	0.262834	
Sample_28	0.0	0.0	0.0	0.0	0.0	0.0	0.0	0.0	0.0	0.0	1.0	0.0	
Sample_29	0.0	0.0	0.0	0.0	0.0	0.0	0.0	0.0	0.0	0.0	1.0	0.0	
Sample_30	0.024534	0.0	0.0	0.0	0.0	0.0	0.0	0.027621	0.0	0.0	0.947845	0.0	
Sample_31	0.0	0.0	0.0	0.0	0.048669	0.0	0.0	0.0	0.0	0.0	0.95133	0.0	
Sample_32	0.0	0.0	0.0	0.0	0.0	0.0	0.0	0.0	0.0	0.0	0.916829	0.083171	
Sample_33	0.01859	0.0	0.0	0.012418	0.016589	0.0	0.0	0.0	0.0	0.0	0.853918	0.098485	
Sample_34	0.040209	0.0	0.060845	0.065467	0.0	0.0	0.0	0.025287	0.0	0.0	0.808192	0.0	
Sample_35	0.088005	0.0	0.0	0.058543	0.035858	0.0	0.0	0.0	0.0	0.0	0.721569	0.096025	
Sample_36	0.973686	0.0	0.0	0.0	0.0	0.0	0.0	0.026312	0.0	0.0	1e-06	0.0	
Sample_37	0.981489	0.0	0.0	0.0	0.0	0.0	0.0	0.018508	0.0	0.0	2e-06	0.0	
Sample_38	0.999998	0.0	0.0	0.0	0.0	0.0	0.0	0.0	0.0	0.0	1e-06	0.0	
Sample_39	0.999998	0.0	0.0	0.0	0.0	0.0	0.0	0.0	0.0	0.0	1e-06	0.0	
Sample_40	0.999996	0.0	0.0	0.0	0.0	0.0	0.0	0.0	0.0	0.0	3e-06	1e-06	
Sample_41	0.953602	0.0	0.0	0.0	0.0	0.0	0.0	0.0	0.0	0.0	3e-06	0.046395	
Sample_42	0.898004	0.0	0.0	0.0	0.0	0.02434	0.0	0.053264	0.0	0.0	0.024393	0.0	
Sample_43	0.025964	0.0	0.0	0.0	0.0	0.0	0.0	0.974035	0.0	0.0	1e-06	0.0	
Sample_44	0.023896	0.0	0.0	0.0	0.0	0.0	0.0	0.976103	0.0	0.0	1e-06	0.0	
Sample_45	0.0	0.0	0.0	0.0	0.0	0.0	0.0	0.999999	0.0	0.0	1e-06	0.0	
Sample_46	0.0	0.0	0.0	0.0	0.0	0.064423	0.0	0.896378	0.0	0.0	0.039199	0.0	
Sample_47	0.0	0.354406	0.012267	0.0	0.0	0.0	0.26641	0.0	0.0	0.262639	0.083957	0.020321	
Sample_48	0.0	0.408794	0.0	0.0	0.0	0.0	0.287585	0.0	0.0	0.237931	0.044159	0.021531	
Sample_49	0.0	0.333716	0.0	0.0	0.0	0.0	0.31628	0.0	0.0	0.221193	0.087832	0.040979	
Sample_50	0.0	0.246595	0.0	0.06306	0.0	0.0	0.326042	0.0	0.0	0.226579	0.077153	0.060571	
Sample_51	0.0	0.576766	0.034206	0.0	0.0	0.0	0.107838	0.0	0.0	0.229978	0.051211	0.0	
Sample_52	0.0	0.521258	0.0	0.007154	0.0	0.001872	0.160611	0.0	0.0	0.240131	0.040448	0.028526	
Sample_53	0.013931	0.476007	0.005108	0.006819	0.0	0.0	0.166499	0.01181	0.000966	0.168128	0.074221	0.076511	
Sample_54	0.012359	0.448657	0.003807	0.0	0.0	0.003053	0.226084	0.0048	0.0	0.219858	0.078983	0.0024	
Sample_55	0.018022	0.454385	0.005916	0.0	0.0	0.0	0.207046	0.0	0.0	0.243958	0.060837	0.009837	
Sample_56	0.019139	0.482871	0.014198	0.0	0.0	0.006384	0.238545	0.0	0.0	0.192412	0.046451	0.0	
Sample_57	0.0	0.250386	0.053652	0.0	0.0	0.0	0.057402	0.0	0.0	0.56471	0.073851	0.0	
Sample_58	0.0	0.302794	0.0	0.0	0.0	0.001127	0.04566	0.013942	0.0	0.585556	0.050921	0.0	
Sample_59	0.016795	0.273375	0.0	0.0	0.0	0.003206	0.117588	0.0	0.0	0.49786	0.054662	0.036514	
Sample_60	0.0	0.389308	0.0	0.0	0.0	0.0	0.064036	0.0	0.003832	0.511386	0.025194	0.006245	
Sample_61	0.0	0.358317	0.004233	0.0	0.0	0.0	0.068116	0.0	0.001741	0.518579	0.03934	0.009675	
Sample_62	0.011368	0.365803	0.0	0.0	0.0	0.0	0.084308	0.0	0.0	0.488882	0.049639	0.0	
Sample_63	0.011611	0.37886	0.0	0.0	0.0	0.001577	0.035422	0.0	0.0	0.524482	0.048048	0.0	
Sample_64	0.0	0.373713	0.0	0.0	0.0	0.00141	0.050873	0.012801	0.0	0.499924	0.0562	0.00508	
Sample_65	0.016596	0.354098	0.0	0.0	0.0	0.0	0.061357	0.0	0.00142	0.484174	0.033931	0.048424	
Sample_66	0.067822	0.317058	0.0	0.0	0.0	0.0	0.078868	0.0	0.002879	0.474346	0.059027	0.0	
Sample_67	0.020689	0.234934	0.0	0.0	0.0	0.001051	0.108787	0.10553	0.0	0.476392	0.052617	0.0	
Sample_68	0.0	0.04396	0.0	0.0	0.0	0.001293	0.541925	0.0	0.0	0.276643	0.136179	0.0	
Sample_69	0.017438	0.0	0.0	0.044869	0.0	0.0	0.0	0.037634	0.900055	0.0	3e-06	0.0	
Sample_70	0.0	0.0	0.0	0.0	0.993711	0.0	0.0	0.006288	0.0	0.0	1e-06	0.0	
Sample_71	0.0	0.0	0.0	0.0	0.0	0.999998	0.0	0.0	0.0	0.0	2e-06	0.0	
