0.4573541333670882
0.04939158666590271
0.43725049602395016
0.621394972554869
0.5611322466262808
0.6150630784365614
0.528113970922276
0.14549965159318323
0.6570903333850022
0.6289851419269483
0.7296006551998133
0.6736722010025092
0.4486368825097993
0.3050056157898946
0.5405204029139025
0.48845888278612803
0.5432946701740158
0.1418583684405208
0.6997568837542303
0.6328995947855797
0.44931002434214196
0.7898703345667616
0.6044099445023878
0.36097449440712615
0.22428559709120366
0.21776959210014157
0.4747170871529366
