	Predicted_signature_1	Predicted_signature_2	Predicted_signature_3	Predicted_signature_4	Predicted_signature_5	Predicted_signature_6	Predicted_signature_7	Predicted_signature_8	Predicted_signature_9	Predicted_signature_10	Predicted_signature_11	Predicted_signature_12	
Sample_1	0.0	0.15237	0.084312	0.191581	0.093638	0.0	0.069392	0.0	0.164365	0.168555	0.075785	0.0	
Sample_2	0.033811	0.18621	0.091195	0.213971	0.0	0.070351	0.013461	0.0	0.206679	0.083744	0.100578	0.0	
Sample_3	0.0	0.037049	0.189368	0.231203	0.0	0.0	0.262884	0.0	0.15138	0.060218	0.067898	0.0	
Sample_4	0.043071	0.070587	0.24876	0.230093	0.0	0.055009	0.014171	0.0	0.146582	0.191661	6.7e-05	0.0	
Sample_5	0.056648	0.002568	0.261076	0.214701	0.0	0.025626	0.012238	0.0	0.256156	0.153545	0.017442	0.0	
Sample_6	0.0	0.116192	0.211066	0.24872	0.036236	0.0	0.00559	0.0	0.233642	0.085376	0.063178	0.0	
Sample_7	0.0	0.034962	0.257344	0.23806	0.033007	0.0	0.004632	0.0	0.237858	0.088535	0.105602	0.0	
Sample_8	0.0	0.04918	0.209059	0.299095	0.052236	0.0	0.027086	0.035775	0.159409	0.125093	0.043067	0.0	
Sample_9	0.036663	0.082923	0.427867	0.223909	0.0	0.0	1.3e-05	0.0	0.096633	0.06502	0.066972	0.0	
Sample_10	0.0	0.079037	0.494656	0.219855	0.0	0.0	3e-06	0.0	0.062913	0.091893	0.051643	0.0	
Sample_11	0.036328	0.035406	0.546016	0.196133	0.0	0.007373	6e-06	0.0	0.049658	0.128717	0.000363	0.0	
Sample_12	0.035232	0.1397	0.447999	0.098524	0.0	0.036431	0.007798	0.0	0.119939	0.114302	7.5e-05	0.0	
Sample_13	0.001532	0.100979	0.515533	0.167707	0.0	0.0	4e-06	0.0	0.117367	0.096814	6.3e-05	0.0	
Sample_14	0.047924	0.061601	0.341263	0.202181	0.0	0.041503	0.016315	0.0	0.127099	0.090603	0.071511	0.0	
Sample_15	0.0	0.115979	0.343342	0.163656	0.002747	0.059139	0.01542	0.0	0.163119	0.081392	0.055204	0.0	
Sample_16	0.0	0.128998	0.415565	0.241014	0.0	0.0	9e-06	0.0	0.152638	0.061694	8.3e-05	0.0	
Sample_17	0.0	0.136878	0.396838	0.24276	0.0	0.0	0.021503	0.0	0.119153	0.055645	0.027222	0.0	
Sample_18	0.0	0.094671	0.428572	0.243917	0.0	0.0	0.011313	0.0	0.141499	0.03269	0.047338	0.0	
Sample_19	0.0	0.129125	0.378186	0.20679	0.0	0.0	3e-06	0.0	0.184446	0.034513	0.066938	0.0	
Sample_20	0.0	0.142076	0.360719	0.196209	0.0	0.0	0.012729	0.0	0.151272	0.136916	7.9e-05	0.0	
Sample_21	0.0	0.135108	0.37927	0.166889	0.0	0.0	0.007552	0.0	0.116822	0.122662	0.071696	0.0	
Sample_22	0.0	0.210996	0.391208	0.161089	0.0	0.0	0.003173	0.0	0.115135	0.074361	0.044036	0.0	
Sample_23	0.0	0.190243	0.334558	0.198145	0.0	0.0	1e-05	0.0	0.152905	0.073798	0.05034	0.0	
Sample_24	0.0	0.008315	0.419676	0.137644	0.012488	0.037432	0.013451	0.0	0.163294	0.103601	0.104098	0.0	
Sample_25	0.0	0.057801	0.432328	0.168999	0.036832	0.0	0.025328	0.0	0.201169	0.077475	6.9e-05	0.0	
Sample_26	0.0	0.005035	0.370513	0.249267	0.0	0.0	0.010115	0.0	0.198952	0.066053	0.100066	0.0	
Sample_27	0.0	0.047692	0.341726	0.268856	0.0	0.007168	0.002298	0.0	0.172244	0.082297	0.077718	0.0	
Sample_28	0.0	0.042628	0.349056	0.277901	0.0	0.0	0.023717	0.0	0.205332	0.101277	8.9e-05	0.0	
Sample_29	0.0	0.091079	0.276482	0.252272	0.0	0.0	0.01651	0.0	0.187744	0.09365	0.082263	0.0	
Sample_30	0.0	0.078817	0.279546	0.306961	0.0	0.0	0.031015	0.0	0.170136	0.060772	0.072753	0.0	
Sample_31	0.0	0.056409	0.391668	0.276558	0.0	0.0	0.013496	0.0	0.156107	0.105713	5e-05	0.0	
Sample_32	0.0	0.066415	0.404016	0.298486	0.0	0.0	0.002584	0.0	0.147332	0.081123	4.2e-05	0.0	
Sample_33	0.0	0.062549	0.403406	0.248709	0.0	0.0	1.3e-05	0.0	0.133223	0.101159	0.050942	0.0	
Sample_34	0.0	0.044493	0.373124	0.312412	0.037488	0.0	0.014155	0.0	0.101249	0.117021	5.8e-05	0.0	
Sample_35	0.0	0.045611	0.376322	0.290424	0.028955	0.0	0.009024	0.0	0.119435	0.098825	0.031405	0.0	
Sample_36	0.0	0.002707	0.40922	0.320856	0.0	0.0	0.016673	0.0	0.120483	0.071749	0.058312	0.0	
Sample_37	0.0	0.037293	0.415048	0.281978	0.0	0.0	0.031653	0.0	0.121786	0.073869	0.038372	0.0	
Sample_38	0.0	0.000981	0.417421	0.257589	0.0	0.017673	0.01439	0.0	0.163451	0.105824	0.022671	0.0	
Sample_39	0.0	0.03931	0.394946	0.275382	0.0	0.018644	0.006002	0.0	0.070551	0.111812	0.083353	0.0	
Sample_40	0.0	0.030422	0.352217	0.308667	0.0	0.0	0.008183	0.0	0.115435	0.121585	0.063491	0.0	
Sample_41	0.0	0.001088	0.313991	0.344246	0.0	0.0	0.007556	0.0	0.127036	0.143499	0.062583	0.0	
Sample_42	0.0	0.116244	0.337449	0.306004	0.0	0.0	0.020842	0.0	0.157253	0.062161	4.7e-05	0.0	
Sample_43	0.0	0.083599	0.369539	0.345488	0.0	0.0	0.006958	0.0	0.133488	0.041548	0.01938	0.0	
Sample_44	0.0	0.139791	0.344288	0.336286	0.0	0.0	7e-06	0.0	0.105002	0.074555	7.1e-05	0.0	
Sample_45	0.0	0.088752	0.339634	0.268384	0.0	0.0	0.014639	0.0	0.153205	0.097213	0.038173	0.0	
Sample_46	0.0	0.131804	0.310515	0.276192	0.0	0.008468	0.001551	0.0	0.139515	0.092441	0.039514	0.0	
Sample_47	0.0	0.072943	0.298213	0.373067	0.0	0.0	0.009747	0.030992	0.112664	0.054371	0.048003	0.0	
Sample_48	0.0	0.080095	0.310576	0.369555	0.048912	0.0	5e-06	0.0	0.096034	0.074324	0.020498	0.0	
Sample_49	0.0	0.021355	0.514901	0.304104	0.0	0.0	1.4e-05	0.0	0.151866	0.007613	0.000148	0.0	
Sample_50	0.0	0.177395	0.275047	0.151312	0.070754	0.0	1.2e-05	0.0	0.155731	0.115507	0.054243	0.0	
Sample_51	0.0	0.227323	0.237765	0.202226	0.0	0.005562	0.007304	0.0	0.167521	0.136126	0.016173	0.0	
Sample_52	0.0	0.209198	0.357848	0.119689	0.0	0.076551	0.008721	0.0	0.08937	0.124969	0.013654	0.0	
Sample_53	0.0	0.002135	0.239114	0.19687	0.0	0.019258	0.00293	0.0	0.367146	0.067052	0.105494	0.0	
Sample_54	0.0	0.001211	0.193871	0.489145	0.0	0.0	0.069668	0.0	0.108881	0.102297	0.034928	0.0	
Sample_55	0.014682	0.070849	0.146517	0.404974	0.0	0.0	0.005575	0.0	0.189664	0.04854	0.119199	0.0	
Sample_56	0.0	0.194727	0.689642	0.002031	0.0	0.0	2e-06	0.0	0.073337	0.013049	0.027211	0.0	
Sample_57	0.0	0.138154	0.709473	0.033553	0.0	0.0	0.005335	0.0	0.039433	0.01944	0.054611	0.0	
Sample_58	0.0	0.127291	0.724642	0.113227	0.0	0.0	2e-06	0.0	0.006966	0.013563	0.014309	0.0	
Sample_59	0.007387	0.238491	0.472279	0.000981	0.0	0.0	0.01201	0.159744	0.030855	0.061128	0.017125	0.0	
Sample_60	0.0	0.000473	0.108887	0.120515	0.0	0.0	0.019744	0.0	0.241494	0.043531	0.465357	0.0	
Sample_61	0.015109	0.000557	0.166831	0.219203	0.0	0.0	0.002686	0.0	0.242576	0.059999	0.293039	0.0	
Sample_62	0.0	0.098973	0.326708	0.02809	0.0	0.011564	0.011072	0.0	0.150726	0.016464	0.356404	0.0	
Sample_63	0.0	0.103822	0.105142	0.00279	0.0	0.0	0.015292	0.0	0.590612	0.022693	0.15965	0.0	
Sample_64	0.0	0.028093	0.09107	0.003006	0.0	0.0	0.007745	0.0	0.600466	0.014085	0.255536	0.0	
Sample_65	0.0	0.000263	0.003092	0.005738	0.0	0.047542	0.003064	0.0	0.84221	0.000592	1.7e-05	0.097482	
Sample_66	0.035521	0.238522	0.038185	0.078898	0.092422	0.174126	0.0	0.101859	0.027059	0.012645	0.0366	0.164162	
Sample_67	0.0	0.697117	0.065743	0.121003	0.0	0.073486	0.000322	0.0	0.012057	0.006963	0.023309	0.0	
Sample_68	0.016187	0.021247	0.024046	0.29101	0.122946	0.384074	0.000493	0.063978	0.011034	0.008183	0.017184	0.039619	
Sample_69	0.012865	0.195822	0.043703	0.196978	0.028161	0.417806	0.000335	0.0	0.032523	0.015279	0.056525	0.0	
Sample_70	0.20222	0.10193	0.059667	0.095498	0.268477	0.077581	0.003078	0.041875	0.020767	0.013745	0.048551	0.066611	
Sample_71	0.1287	0.149203	0.131053	0.000979	0.240844	0.034687	0.001041	0.245057	0.005582	0.01098	0.012619	0.039255	
Sample_72	0.0	0.0011	0.086285	0.018386	0.0	0.159929	0.001645	0.0	0.035557	0.696991	0.000105	0.0	
Sample_73	0.0	0.000697	0.009274	0.001677	0.0	0.012078	0.786478	0.0	0.044297	0.14541	8.9e-05	0.0	
Sample_74	0.0	0.001106	0.130031	0.021	0.0	0.015613	0.68414	0.0	0.005401	0.142604	0.000107	0.0	
Sample_75	0.0	0.005435	0.016535	0.014385	0.0	0.0	0.962319	0.0	0.000962	0.000341	2.3e-05	0.0	
Sample_76	0.0	0.001212	0.095247	0.003291	0.0	0.020865	0.549136	0.0	0.055122	0.275024	0.000104	0.0	
Sample_77	0.035197	0.004211	0.006557	0.009743	0.070851	0.07013	0.00024	0.159042	0.019055	0.012206	0.013263	0.599505	
Sample_78	0.034887	0.002473	0.024081	0.010155	0.038791	0.038923	0.0	0.237063	0.01139	0.017055	0.007414	0.577769	
Sample_79	0.0	0.053309	0.030594	0.000778	0.0	0.04263	0.000963	0.177225	0.006672	0.030556	0.016374	0.640899	
Sample_80	0.165448	0.000411	0.019519	0.008916	0.003539	0.040693	0.000639	0.012365	0.049045	0.008038	0.003896	0.687492	
Sample_81	0.245691	0.031598	0.031107	0.003957	0.0	0.0	0.004662	0.213499	0.012874	0.015688	1.4e-05	0.440909	
Sample_82	0.233402	0.021584	0.037378	0.003111	0.0	0.0	0.002268	0.200535	0.012343	0.010365	3.5e-05	0.47898	
Sample_83	0.164298	0.000222	0.062432	0.015149	0.0	0.0	2e-06	0.278177	0.008535	0.006869	1.4e-05	0.464303	
Sample_84	0.071259	0.004316	0.038332	0.010311	0.063886	0.027767	0.0	0.305529	0.045278	0.00866	0.000732	0.423931	
Sample_85	0.006467	0.015168	0.001909	0.010487	0.09748	0.056392	0.00061	0.276893	0.025305	0.014588	0.014631	0.480071	
Sample_86	0.024252	0.013592	0.066365	0.005832	0.08038	0.016308	0.00063	0.400138	0.021051	0.016403	0.00845	0.3466	
Sample_87	0.348309	0.040506	0.003687	0.007223	0.081627	0.020496	0.001366	0.11295	0.026225	0.006322	0.020107	0.331182	
Sample_88	0.391166	0.041334	0.00719	0.003061	0.053411	0.0	2e-06	0.138578	0.023747	0.021599	0.015412	0.304502	
Sample_89	0.478195	0.01868	0.034931	0.000683	0.0	0.0	4e-06	0.19238	0.007728	0.026506	2.8e-05	0.240867	
