	Predicted_signature_1	Predicted_signature_2	Predicted_signature_3	Predicted_signature_4	Predicted_signature_5	Predicted_signature_6	Predicted_signature_7	Predicted_signature_8	Predicted_signature_9	Predicted_signature_10	Predicted_signature_11	Predicted_signature_12	Predicted_signature_13	
Sample_1	0.110582	0.120396	0.0	0.07356	0.060586	0.229025	0.140946	0.018495	0.059661	0.038095	0.003623	0.11389	0.031139	
Sample_2	0.019874	0.0	0.0	0.0	0.0	0.683785	0.0	3e-06	0.041327	0.0	0.037147	0.195404	0.02246	
Sample_3	0.336939	0.02694	0.000513	0.067227	0.0	0.119706	0.133225	0.016823	0.280532	0.0	0.0023	0.014941	0.000854	
Sample_4	0.372468	0.0	0.000365	0.0	0.0	0.26089	0.0	0.015468	0.165127	0.040315	0.028363	0.087493	0.029509	
Sample_5	0.0	0.0	0.054135	0.0	0.0	1e-06	0.04548	0.047357	0.543693	3e-06	0.111679	0.05833	0.139322	
Sample_6	0.0	0.0	0.254518	0.0	0.0	0.043082	0.0	0.015098	0.247235	0.031296	0.111959	0.104112	0.192701	
Sample_7	0.0	0.0	0.004629	0.0	0.0	1e-06	0.065988	0.050927	0.062044	3e-06	0.255487	0.428374	0.132548	
Sample_8	0.0	0.0	2e-06	0.0	0.011416	1e-06	0.0	0.030279	0.147201	2e-06	0.224289	0.452408	0.134403	
Sample_9	0.043985	0.0	0.009212	0.0	0.0	0.107838	0.0	0.053765	0.094536	2e-06	0.211795	0.364542	0.114325	
Sample_10	0.0	0.0	6e-06	0.0	0.0	1e-06	0.051648	0.012399	0.210773	4e-06	0.182226	0.380897	0.162047	
Sample_11	0.0	0.0	0.016866	0.028589	0.0	1e-06	0.0	0.03274	0.178428	2e-06	0.156823	0.353305	0.233248	
Sample_12	0.043078	0.0	0.014516	0.0	0.0	0.048385	0.0	0.039184	0.162797	0.034832	0.161282	0.296091	0.199835	
Sample_13	0.051586	0.0	0.009922	0.0	0.0	1e-06	0.0	0.027844	0.116967	0.070793	0.192698	0.311828	0.218361	
Sample_14	0.0	0.0	1e-06	0.0	0.0	0.0	0.0	0.037903	0.247986	0.035323	0.157916	0.407937	0.112934	
Sample_15	0.0	0.0	3e-06	0.0	0.0	0.0	0.0	0.077331	0.237578	0.02917	0.10794	0.46934	0.078637	
Sample_16	0.033086	0.0	0.016217	0.0	0.0	0.0	0.033334	0.009271	0.162588	0.034848	0.271013	0.269557	0.170085	
Sample_17	0.023704	0.0	2e-06	0.0	0.0	0.0	0.0	0.009219	0.212644	0.067712	0.272841	0.215921	0.197956	
Sample_18	0.029953	0.0	0.002797	0.0	0.0	0.0	0.0	0.00317	0.249306	1e-06	0.248618	0.313772	0.152382	
Sample_19	0.0	0.0069	0.013595	0.0	0.0	0.026657	0.0	0.004071	0.244743	0.019959	0.23012	0.305884	0.148069	
Sample_20	0.0	0.0	6e-06	0.0	0.0	1e-06	0.0	4.3e-05	0.274878	0.015216	0.208946	0.34789	0.15302	
Sample_21	0.0	0.0	4e-06	0.0	0.0	0.025926	0.0	0.013504	0.208066	3e-06	0.220136	0.341125	0.191237	
Sample_22	0.0	0.0	0.00682	0.013622	0.0	1e-06	0.0	2.1e-05	0.237583	2e-06	0.21348	0.34571	0.182761	
Sample_23	0.0	0.005444	0.014059	0.0	0.0	0.0	0.0	0.022677	0.239061	0.006037	0.24269	0.289015	0.181016	
Sample_24	0.0	0.0	0.02412	0.0	0.0	1e-06	0.0	0.023255	0.248086	3e-06	0.245131	0.284359	0.175045	
Sample_25	0.0	0.0	0.008448	0.0	0.0	0.0	0.0	0.051296	0.234038	2e-06	0.229046	0.283864	0.193306	
Sample_26	0.0	0.0	0.011084	0.0	0.0	0.03651	0.0	0.023326	0.222433	2e-06	0.253982	0.261007	0.191656	
Sample_27	0.0	0.0	6e-06	0.0	0.0	1e-06	0.0	0.017192	0.21366	0.025906	0.276677	0.288767	0.177791	
Sample_28	0.056775	0.0	0.018161	0.0	0.0	1e-06	0.0	3.3e-05	0.252138	2e-06	0.271864	0.267023	0.134003	
Sample_29	0.0	0.0	8e-06	0.030881	0.0	1e-06	0.0	3.9e-05	0.271509	4e-06	0.294013	0.241447	0.162099	
Sample_30	0.0	0.0	2e-06	0.0	0.0	0.030891	0.049316	3.7e-05	0.268229	2e-06	0.324969	0.208628	0.117925	
Sample_31	0.023914	0.0	0.004236	0.0	0.0	0.0	0.0	0.03193	0.236668	0.070473	0.245128	0.277823	0.109828	
Sample_32	0.0	0.0	0.008553	0.009488	0.0	1e-06	0.0	0.039464	0.298907	0.063904	0.19922	0.252987	0.127476	
Sample_33	0.0	0.0	0.005922	0.0	0.0	0.0	0.0	0.055275	0.261706	0.075269	0.265393	0.200313	0.136122	
Sample_34	0.0	0.0	0.004338	0.0	0.0	0.0	0.0	0.01449	0.262746	0.046205	0.19246	0.223456	0.256304	
Sample_35	0.0	0.0	0.018675	0.0	0.0	0.068578	0.0	2.1e-05	0.299737	1e-06	0.183043	0.261982	0.167961	
Sample_36	0.0	0.0	0.005881	0.0	0.0	0.043304	0.0	1.6e-05	0.334694	2e-06	0.19794	0.260787	0.157376	
Sample_37	0.0	0.0	3e-06	0.0	0.0	0.083954	0.0	0.020551	0.336207	0.010165	0.15918	0.274154	0.115785	
Sample_38	0.0	0.0	0.00488	0.0	0.0	1e-06	0.0	0.066184	0.375451	2e-06	0.181001	0.189565	0.182916	
Sample_39	0.0	0.0	0.00781	0.034245	0.0	0.072997	0.0	2.5e-05	0.294538	2e-06	0.26443	0.160317	0.165636	
Sample_40	0.030255	0.0	8e-06	0.0	0.0	0.146763	0.0	0.037089	0.114199	0.050185	0.164485	0.237323	0.219692	
Sample_41	0.0	0.0	0.005067	0.0	0.0	0.156465	0.0	0.062839	0.09008	0.011356	0.279477	0.207803	0.186913	
Sample_42	0.0	0.0	4e-06	0.0	0.0	0.127164	0.0	0.004777	0.102325	3e-06	0.284686	0.32571	0.155332	
Sample_43	0.0	0.0	5e-06	0.0	0.0	0.099431	0.0	0.005992	0.124939	0.020293	0.288305	0.284633	0.176402	
Sample_44	0.0	0.0	0.011889	0.0	0.0	0.061527	0.0	0.017753	0.127696	2e-06	0.314863	0.305374	0.160896	
Sample_45	0.0	0.0	0.007232	0.003066	0.0	0.056624	0.0	0.035387	0.105351	2e-06	0.286683	0.31619	0.189464	
Sample_46	0.0	0.0	1e-06	0.0	0.0	0.051908	0.0	1.1e-05	0.158331	1e-06	0.270475	0.295368	0.223904	
Sample_47	0.034246	0.0	0.00165	0.0	0.0	0.065555	0.0	1.7e-05	0.131978	1e-06	0.351397	0.241289	0.173867	
Sample_48	0.027223	0.0	0.016464	0.0	0.0	1e-06	0.0	0.000307	0.104948	3e-06	0.41582	0.228648	0.206586	
Sample_49	0.0	0.0	0.017462	0.0	0.0	1e-06	0.079653	0.078954	0.138814	2e-06	0.292909	0.225115	0.167091	
Sample_50	0.0	0.0	0.023459	0.0	0.0	1e-06	0.095292	0.013112	0.140109	3e-06	0.393609	0.136889	0.197524	
Sample_51	0.0	0.0	0.002135	0.0	0.0	0.0	0.036458	0.01486	0.180122	0.066622	0.281845	0.145366	0.272592	
Sample_52	0.0	0.0	0.012081	0.0	0.045054	0.0	0.0	0.064485	0.15056	0.021168	0.257541	0.171578	0.277534	
Sample_53	0.0	0.0	0.019378	0.0	0.0	0.075395	0.0	2.9e-05	0.160293	2e-06	0.322866	0.180953	0.241085	
Sample_54	0.01016	0.0	0.026206	0.0	0.0	0.086787	0.0	3.8e-05	0.202754	3e-06	0.313188	0.153132	0.207732	
Sample_55	0.025567	0.0	0.003114	0.0	0.0	0.083917	0.0	0.017251	0.139684	0.055491	0.292468	0.128603	0.253905	
Sample_56	0.0	0.0	0.071261	0.0	0.0	0.171941	0.0	0.103706	0.174375	3e-06	0.164457	0.07963	0.234626	
Sample_57	0.032013	0.0	0.008941	0.0	0.0	0.167117	0.028766	0.038698	0.165314	0.106811	0.157276	0.063704	0.231361	
Sample_58	0.0	0.0	0.005353	0.0	0.0	0.093896	0.027144	2.9e-05	0.290638	3e-06	0.285413	0.043139	0.254386	
Sample_59	0.0	0.0	1e-06	0.0	0.002099	0.0	0.0	0.008469	0.083002	0.024837	0.033911	0.731953	0.115728	
Sample_60	0.0	0.0	0.004308	0.0	0.0	0.0	0.0	0.00728	0.121623	0.067764	0.027334	0.68946	0.082232	
Sample_61	0.0	0.0	1e-06	0.0	0.0	0.0	0.0	0.006647	0.194416	0.017774	0.033692	0.707855	0.039614	
Sample_62	0.0	0.0	0.013948	0.158593	0.0	0.122885	0.0	0.027231	0.00382	0.002573	0.069689	0.515615	0.085646	
Sample_63	0.0	0.0	0.01101	0.0	0.0	0.019222	0.0	0.006824	0.215767	0.233189	0.084167	0.001983	0.427838	
Sample_64	0.0	0.0	0.001955	0.0	0.0	0.0	0.0	0.006766	0.227298	0.211402	0.202221	0.019852	0.330506	
Sample_65	0.0	0.0	0.006871	0.0	0.0	0.067025	0.0	0.010847	0.145112	0.275132	0.00774	0.220607	0.266665	
Sample_66	0.0	0.0	0.018069	0.0	0.0	0.071354	0.0	2.7e-05	0.007117	2e-06	0.122371	0.109963	0.671097	
Sample_67	0.007963	0.0	0.002775	0.0	0.0	0.046664	0.0	1.3e-05	0.016016	0.057476	0.096058	0.048531	0.724503	
Sample_68	0.025345	0.085096	0.00187	0.0	0.0	0.0	0.055978	0.002764	0.00516	1e-06	0.001044	0.003167	0.819575	
Sample_69	0.032768	0.0	2e-06	0.0	0.0	0.0	0.0	0.012459	0.156542	1e-06	0.219321	0.156399	0.422508	
Sample_70	0.0	0.0	7e-06	0.0	0.0	1e-06	0.0	0.639725	0.034957	3e-06	0.100176	0.119639	0.105492	
Sample_71	0.0	0.0	0.769478	0.0	0.0	1e-06	0.0	0.076492	0.00195	3e-06	0.078637	0.007031	0.066408	
Sample_72	0.0	0.0	0.946544	0.0	0.0	0.0	0.0	1.5e-05	0.020084	1e-06	0.000964	0.021067	0.011325	
Sample_73	0.0	0.0	0.660341	0.0	0.0	1e-06	0.0	0.132483	0.052319	0.020104	0.004409	0.110958	0.019384	
Sample_74	0.0	0.0	0.524532	0.0	0.0	1e-06	0.0	0.256853	0.016619	3e-06	0.002724	0.102291	0.096977	
Sample_75	0.0454	0.106884	0.001284	0.134353	0.468312	0.024601	0.039615	2e-06	0.006284	0.121108	0.009744	0.023637	0.018776	
Sample_76	0.0	0.082648	1e-06	0.157219	0.488061	0.009193	0.03907	0.016858	0.01035	0.151207	0.007623	0.022481	0.015289	
Sample_77	0.0	0.0	0.004939	0.254076	0.528384	0.0	0.0	0.026787	0.001714	0.138387	0.001336	0.04244	0.001937	
Sample_78	0.0	0.21937	0.006441	0.192099	0.451209	0.030047	0.0	0.005973	0.00669	0.032069	0.016085	0.032229	0.007788	
Sample_79	0.0	0.268842	0.003853	0.191091	0.412548	0.0	0.0	1.7e-05	0.004528	0.044457	0.02275	0.041718	0.010197	
Sample_80	0.0	0.272457	1e-06	0.256986	0.357663	0.0	0.0	0.003476	0.024468	0.031355	0.004133	0.042097	0.007364	
Sample_81	0.041844	0.415049	0.000646	0.0	0.435468	0.0	0.017899	0.003149	0.010364	0.000799	0.004644	0.023919	0.046219	
Sample_82	0.072098	0.438166	0.00022	0.101914	0.242112	0.003037	0.067748	0.004013	0.008089	0.027038	0.010376	0.008761	0.016428	
Sample_83	0.03485	0.431525	0.0	0.178527	0.233958	0.0	0.04278	0.008817	0.015133	0.028519	0.003087	0.014325	0.008479	
Sample_84	0.063739	0.374803	0.000379	0.22032	0.160133	0.011403	0.073279	0.008564	0.009826	0.044237	0.006917	0.006846	0.019554	
Sample_85	0.013045	0.565592	0.001086	0.149474	0.11695	0.056225	0.019062	0.02024	0.000983	1e-06	0.005535	0.033992	0.017816	
Sample_86	0.029048	0.287541	0.0	0.261816	0.22681	0.0	0.071765	0.004163	0.013672	0.022012	0.003615	0.035963	0.043595	
Sample_87	0.017002	0.269134	0.000577	0.347952	0.130438	0.0	0.079856	0.010096	0.01487	0.041235	0.005702	0.059365	0.023774	
Sample_88	0.117417	0.022775	0.003831	0.059547	0.146743	0.044976	0.153092	0.007577	0.109886	0.201556	0.003788	0.108032	0.02078	
Sample_89	0.085916	0.030736	0.001185	0.262774	0.071285	0.0724	0.096673	0.007139	0.0081	0.147477	0.005351	0.202417	0.008548	
