	Predicted_signature_1	Predicted_signature_2	Predicted_signature_3	Predicted_signature_4	Predicted_signature_5	Predicted_signature_6	Predicted_signature_7	Predicted_signature_8	Predicted_signature_9	Predicted_signature_10	Predicted_signature_11	Predicted_signature_12	Predicted_signature_13	
Sample_1	0.0	0.05879	0.0	0.0	0.031567	0.0	0.0	0.0	0.463527	0.446115	0.0	0.0	0.0	
Sample_2	0.0	0.0	0.0	0.0	0.034928	0.0	0.087829	0.0	0.376951	0.322172	0.17812	0.0	0.0	
Sample_3	0.0	0.0	0.0	0.0	0.026319	0.0	0.0	0.0	0.973681	0.0	0.0	0.0	0.0	
Sample_4	0.0	0.0	0.0	0.0	0.024282	0.0	0.0	0.0	0.975718	0.0	0.0	0.0	0.0	
Sample_5	0.0	0.0	0.0	0.0	0.0	0.0	0.0	0.0	1.0	0.0	0.0	0.0	0.0	
Sample_6	0.0	0.0	0.0	0.0	0.0	0.0	0.0	0.066405	0.895625	0.0	0.037969	0.0	0.0	
Sample_7	0.0	0.0	0.0	0.0	0.018536	0.0	0.0	0.0	0.11444	0.620907	0.0	0.246116	0.0	
Sample_8	0.0	0.0	0.0	0.0	0.0	0.0	0.0	0.0	0.0	0.637593	0.0	0.362407	0.0	
Sample_9	0.0	0.0	0.0	0.0	0.0	0.226238	0.0	0.080171	0.074189	0.495607	0.0	0.123795	0.0	
Sample_10	0.0	0.0	0.0	0.0	0.012413	0.0	0.0	0.0	0.063885	0.923702	0.0	0.0	0.0	
Sample_11	0.0	0.0	0.0	0.0	0.0	0.0	0.0	0.0	0.065543	0.934457	1e-06	0.0	0.0	
Sample_12	0.0	0.0	0.0	0.0	0.0	0.0	0.0	0.0	0.046795	0.86219	0.0	0.0	0.091015	
Sample_13	0.0	0.0	0.0	0.0	0.0	0.0	0.0	0.0	0.062345	0.748444	0.189211	0.0	0.0	
Sample_14	0.0	0.0	0.0	0.0	0.0	0.0	0.0	0.0	0.03644	0.783363	0.180197	0.0	0.0	
Sample_15	0.0	0.0	0.0	0.0	0.0	0.0	0.0	0.0	0.027746	0.831119	0.141135	0.0	0.0	
Sample_16	0.0	0.0	0.0	0.0	0.0	0.0	0.0	0.0	0.094361	0.778309	0.12733	0.0	0.0	
Sample_17	0.0	0.0	0.0	0.0	0.0	0.0	0.0	0.0	0.071908	0.713146	0.160369	0.0	0.054577	
Sample_18	0.0	0.0	0.0	0.0	0.0	0.0	0.0	0.0	0.205625	0.703904	0.090471	0.0	0.0	
Sample_19	0.0	0.0	0.0	0.0	0.0	0.070224	0.198111	0.0	0.0	0.731664	0.0	0.0	0.0	
Sample_20	0.0	0.0	0.0	0.0	0.267334	0.0	0.0	0.057209	0.023347	0.624969	0.0	0.0	0.027141	
Sample_21	0.0	0.0	0.0	0.0	0.0	0.0	0.432206	0.0	0.046796	0.520997	1e-06	0.0	0.0	
Sample_22	0.0	0.0	0.0	0.0	0.0	0.0	0.0	0.0	0.0	0.0	1.0	0.0	0.0	
Sample_23	0.0	0.0	0.0	0.0	0.0	0.0	0.0	0.0	0.0	0.0	1.0	0.0	0.0	
Sample_24	0.0	0.0	0.0	0.0	0.024973	0.0	0.0	0.0	0.02636	0.0	0.948666	0.0	0.0	
Sample_25	0.0	0.0	0.0	0.0	0.0	0.0	0.0	0.0	0.0	0.0	0.949794	0.0	0.050205	
Sample_26	0.0	0.0	0.0	0.0	0.047036	0.0	0.0	0.0	0.02627	0.037071	0.889623	0.0	0.0	
Sample_27	0.0	0.0	0.0	0.0	0.0	0.0	0.0	0.0	0.0	0.121109	0.878891	0.0	0.0	
Sample_28	0.0	0.0	0.0	0.0	0.018346	0.0	0.0	0.0	0.0	0.111642	0.848465	0.0	0.021547	
Sample_29	0.0	0.0	0.0	0.0	0.088059	0.0	0.0	0.0	0.0	0.143806	0.721168	0.0	0.046967	
Sample_30	0.0	0.0	0.0	0.0	0.322107	0.0	0.0	0.026865	0.038516	0.117128	0.495385	0.0	0.0	
Sample_31	0.0	0.0	0.0	0.328953	0.0	0.0	0.0	0.0	0.0	0.103047	0.214088	0.353913	0.0	
Sample_32	0.472628	0.199353	0.0	0.068007	0.006502	0.0	0.0	0.0	0.0	0.119373	0.119598	0.0	0.014539	
Sample_33	0.508279	0.202691	0.003946	0.006839	0.014901	0.0	0.0	0.0	0.01408	0.097181	0.152082	0.0	0.0	
Sample_34	0.528556	0.1827	0.0	0.111185	0.009957	0.0	0.0	0.0	0.0	0.014518	0.153085	0.0	0.0	
Sample_35	0.531585	0.215063	0.0	0.090388	0.014427	0.0	0.0	0.0	0.0	0.0	0.148537	0.0	0.0	
Sample_36	0.501223	0.249426	0.0	0.086894	0.001449	0.0	0.0	0.0	0.0	0.030834	0.130175	0.0	0.0	
Sample_37	0.563844	0.11117	0.0	0.068483	0.012564	0.0	0.0	0.0	0.0	0.0	0.168917	0.0	0.075023	
Sample_38	0.469819	0.312975	0.0	0.0	0.0	0.0	0.0	0.0	0.0	0.0	0.103922	0.113284	0.0	
Sample_39	0.477307	0.319787	0.0	0.0	0.0	0.0	0.0	0.0	0.0	0.046029	0.080443	0.076434	0.0	
Sample_40	0.531972	0.24678	0.0	0.0	0.027551	0.0	0.0	0.0	0.0	0.007718	0.104863	0.081116	0.0	
Sample_41	0.516399	0.284802	0.0	0.011245	0.008595	0.0	0.0	0.0	0.0	0.021751	0.075163	0.082044	0.0	
Sample_42	0.54057	0.278877	0.0	0.002419	0.022426	0.0	0.0	0.0	0.0	0.032479	0.118371	0.004858	0.0	
Sample_43	0.266536	0.679764	0.000355	0.007521	0.011038	0.0	0.0	0.0	0.0	0.0	0.034787	0.0	0.0	
Sample_44	0.276448	0.633056	0.0	0.0	0.0	0.0	0.0	0.0	0.017295	0.028264	0.044938	0.0	0.0	
Sample_45	0.282397	0.669077	0.0	0.0	0.0	0.0	0.0	0.0	0.005747	0.04278	0.0	0.0	0.0	
Sample_46	0.24657	0.665131	0.0	0.022862	0.0	0.0	0.0	0.0	0.0	0.042939	0.022497	0.0	0.0	
Sample_47	0.272105	0.615868	0.0	0.0	0.016063	0.0	0.0	0.0	0.010306	0.069813	0.015845	0.0	0.0	
Sample_48	0.264821	0.611466	0.0	0.0	0.022637	0.0	0.0	0.0	0.0	0.063883	0.037194	0.0	0.0	
Sample_49	0.307646	0.619844	0.0	0.0	0.013857	0.0	0.0	0.0	0.0	0.003915	0.043483	0.011256	0.0	
Sample_50	0.253467	0.590416	0.0	0.01527	0.071831	0.0	0.0	0.0	0.011451	0.017668	0.039897	0.0	0.0	
Sample_51	0.215248	0.673015	0.0	0.024758	0.0	0.0	0.0	0.0	0.0	0.023577	0.063403	0.0	0.0	
Sample_52	0.180216	0.75405	0.0	0.012118	0.0	0.0	0.0	0.0	0.023873	0.0	0.029743	0.0	0.0	
Sample_53	0.217067	0.556207	0.0	0.065523	0.022899	0.0	0.0	0.0	0.117835	0.0	0.020469	0.0	0.0	
Sample_54	0.0	0.0	0.0	0.0	0.97652	0.0	0.0	0.0	0.02348	0.0	0.0	0.0	0.0	
Sample_55	0.0	0.0	0.0	0.0	0.983428	0.0	0.0	0.0	0.016571	0.0	0.0	0.0	0.0	
Sample_56	0.0	0.0	0.0	0.0	1.0	0.0	0.0	0.0	0.0	0.0	0.0	0.0	0.0	
Sample_57	0.0	0.0	0.0	0.0	0.999999	0.0	0.0	0.0	0.0	0.0	0.0	0.0	0.0	
Sample_58	0.0	0.0	0.0	0.0	1.0	0.0	0.0	0.0	0.0	0.0	0.0	0.0	0.0	
Sample_59	0.0	0.0	0.0	0.0	0.999999	0.0	0.0	0.0	0.0	0.0	0.0	0.0	0.0	
Sample_60	0.0	0.0	0.0	0.0	0.904677	0.0	0.0	0.035423	0.059899	0.0	0.0	0.0	0.0	
Sample_61	0.0	0.0	0.0	0.0	0.409414	0.208023	0.0	0.0	0.0	0.0	0.295133	0.0	0.08743	
Sample_62	0.0	0.0	0.0	0.0	0.0	0.0	0.841153	0.0	0.158846	0.0	0.0	0.0	0.0	
Sample_63	0.0	0.0	0.0	0.0	0.0	0.931704	0.0	0.0	0.068295	0.0	0.0	0.0	0.0	
Sample_64	0.0	0.0	0.925067	0.0	0.0	0.0	0.0	0.0	0.022978	0.051954	0.0	0.0	0.0	
Sample_65	0.0	0.0	0.0	0.0	0.0	0.0	0.0	0.0	0.0064	0.0	0.0	0.0	0.9936	
Sample_66	0.0	0.0	0.0	0.0	0.0	0.0	0.0	0.999999	0.0	0.0	0.0	0.0	0.0	
