-512247.528253
0
0.036882 0.037298 0.027825 0.024314 0.005540 0.003693 0.002728 0.003084 0.010747 0.003589 0.000749 0.002950 0.003137 0.006283 0.009824 0.001758 0.004328 0.000000 0.000000 0.000000 0.000000 0.000000 0.000000 0.000000 0.059234 0.081427 0.054363 0.059228 0.007901 0.009988 0.008336 0.008632 0.017084 0.013195 0.005971 0.017634 0.006222 0.009563 0.034961 0.010415 0.000000 0.000357 0.001302 0.000123 0.000000 0.001194 0.002838 0.002120 0.041789 0.048198 0.033569 0.031686 0.007239 0.009949 0.008720 0.008354 0.001928 0.005355 0.000000 0.001871 0.005554 0.004673 0.009291 0.003228 0.001298 0.000000 0.000000 0.000000 0.000372 0.000000 0.000609 0.000000 0.033547 0.066902 0.000000 0.038596 0.000000 0.007735 0.002239 0.000000 0.000782 0.000910 0.000397 0.006078 0.003000 0.004768 0.009162 0.002343 0.000000 0.000000 0.000000 0.000000 0.000000 0.000000 0.003036 0.000001 
0.000001 0.000000 0.002749 0.000000 0.002742 0.000000 0.000000 0.002906 0.003304 0.000865 0.003281 0.000147 0.000762 0.001013 0.000471 0.000000 0.003115 0.000967 0.000008 0.000000 0.000000 0.000000 0.000000 0.000000 0.000080 0.000019 0.001366 0.002938 0.002950 0.000593 0.000000 0.003827 0.006449 0.000002 0.006638 0.004284 0.000000 0.000245 0.002384 0.000002 0.000734 0.001801 0.000001 0.000001 0.000000 0.000208 0.000427 0.000681 0.000239 0.000176 0.000000 0.000221 0.003738 0.000348 0.000001 0.005119 0.005241 0.001837 0.000000 0.000747 0.000657 0.000001 0.000000 0.000915 0.000000 0.000000 0.000000 0.000000 0.000000 0.000370 0.000000 0.000000 0.022681 0.022639 0.005520 0.017291 0.182253 0.059970 0.017167 0.192642 0.194188 0.043680 0.069757 0.090490 0.000000 0.000497 0.000000 0.000000 0.002153 0.000447 0.000000 0.000000 0.000000 0.000000 0.000001 0.001054 
0.000002 0.000000 0.000006 0.000000 0.002106 0.000000 0.002314 0.004983 0.045482 0.008024 0.116837 0.021517 0.000000 0.002378 0.000003 0.001088 0.002547 0.003785 0.003482 0.001060 0.000000 0.000513 0.000000 0.000000 0.000088 0.001462 0.002384 0.018821 0.000001 0.000000 0.000001 0.000006 0.012956 0.004811 0.111938 0.010398 0.000000 0.002200 0.000001 0.001358 0.001857 0.005080 0.013001 0.000910 0.000000 0.001811 0.000000 0.001948 0.001809 0.000612 0.000000 0.007101 0.001305 0.000000 0.000849 0.003442 0.059844 0.058467 0.274467 0.061800 0.000000 0.000660 0.000000 0.001068 0.004155 0.014230 0.007326 0.004206 0.000000 0.000907 0.000000 0.007627 0.000338 0.000068 0.000000 0.002706 0.000000 0.002238 0.000783 0.001453 0.010140 0.001321 0.039759 0.004989 0.000000 0.000000 0.000000 0.000000 0.003201 0.006477 0.003780 0.002034 0.000000 0.000000 0.000537 0.003141 
0.001088 0.000000 0.000315 0.000000 0.000023 0.000000 0.000879 0.000001 0.002656 0.023299 0.002238 0.006033 0.002133 0.000000 0.002459 0.002455 0.000001 0.000000 0.000039 0.002055 0.000205 0.000222 0.002146 0.000000 0.004290 0.001768 0.017171 0.005198 0.000001 0.000000 0.000275 0.000317 0.066710 0.140467 0.045325 0.089898 0.000000 0.001399 0.000001 0.000950 0.000753 0.000003 0.000001 0.002780 0.000000 0.000654 0.000000 0.000662 0.001512 0.000004 0.000000 0.000003 0.000000 0.000000 0.000663 0.000001 0.001381 0.021004 0.000000 0.010387 0.000000 0.000348 0.000000 0.000353 0.000000 0.000000 0.000000 0.010236 0.000000 0.000000 0.000000 0.000426 0.001470 0.001805 0.000000 0.002010 0.000000 0.001042 0.000475 0.000001 0.080861 0.244329 0.090413 0.081920 0.000000 0.001284 0.000488 0.006797 0.001286 0.002030 0.003936 0.001779 0.000245 0.001518 0.001040 0.002079 
0.011152 0.015980 0.011063 0.009656 0.016596 0.012950 0.009228 0.011402 0.007517 0.015593 0.019595 0.010081 0.007926 0.002491 0.010766 0.006593 0.020593 0.011032 0.037068 0.021050 0.003965 0.003724 0.006185 0.003504 0.002222 0.008399 0.006231 0.003194 0.014019 0.012143 0.011060 0.012550 0.025624 0.007068 0.025409 0.009521 0.006073 0.010376 0.017756 0.013057 0.015790 0.012265 0.030942 0.021663 0.003370 0.003029 0.011937 0.007127 0.015099 0.018950 0.019610 0.008194 0.005066 0.011466 0.008012 0.002431 0.022089 0.018467 0.000000 0.015069 0.008055 0.006470 0.015952 0.008203 0.018757 0.009289 0.021193 0.013156 0.002952 0.002522 0.010314 0.002347 0.003886 0.013969 0.000000 0.012963 0.000000 0.012254 0.009271 0.006509 0.000505 0.005426 0.000216 0.003897 0.006264 0.005973 0.006554 0.008255 0.009813 0.009033 0.013202 0.012954 0.003417 0.005403 0.004560 0.005479 
0.039339 0.003911 0.011584 0.019714 0.000849 0.000000 0.000000 0.000028 0.001495 0.000016 0.000941 0.003831 0.000000 0.000000 0.002408 0.000000 0.000001 0.000000 0.003347 0.000000 0.000000 0.000000 0.002784 0.000000 0.265587 0.052684 0.000015 0.075682 0.002384 0.000000 0.010140 0.004836 0.000521 0.000003 0.002390 0.007601 0.000000 0.002014 0.002701 0.002054 0.000000 0.001949 0.006497 0.004512 0.000000 0.000535 0.001046 0.000922 0.018323 0.003824 0.012881 0.010162 0.000001 0.000000 0.003919 0.000001 0.000213 0.001022 0.000000 0.005595 0.000000 0.002572 0.002940 0.001934 0.000000 0.000000 0.000000 0.001151 0.000000 0.001051 0.003644 0.001479 0.073302 0.021843 0.219655 0.046187 0.000000 0.003593 0.000003 0.002240 0.004652 0.007708 0.001562 0.007675 0.000000 0.000000 0.000000 0.001171 0.000000 0.001687 0.001821 0.000000 0.000000 0.000000 0.000942 0.000925 
0.552338 0.132214 0.031198 0.009296 0.191552 0.083402 
0.447988 0.044232 0.039175 0.053296 0.346834 0.068476 
0.326685 0.102910 0.093702 0.091555 0.343893 0.041255 
0.428830 0.142335 0.041309 0.023132 0.280722 0.083671 
0.389111 0.244741 0.040190 0.023655 0.248428 0.053876 
0.443793 0.064303 0.081204 0.056897 0.307143 0.046660 
0.571256 0.025910 0.044507 0.053547 0.216242 0.088538 
0.350679 0.117090 0.083750 0.036556 0.337100 0.074826 
0.450217 0.061185 0.007458 0.019267 0.420605 0.041268 
0.514941 0.065527 0.022962 0.105610 0.182013 0.108948 
0.020604 0.043469 0.414235 0.097704 0.412658 0.011330 
0.345176 0.031871 0.055320 0.057229 0.428141 0.082262 
0.401810 0.057569 0.036388 0.059246 0.383746 0.061240 
0.373701 0.090312 0.022523 0.056545 0.393060 0.063859 
0.564590 0.141220 0.044172 0.005280 0.183424 0.061315 
0.408899 0.034994 0.095791 0.034248 0.369639 0.056428 
0.419032 0.037850 0.094845 0.024024 0.362185 0.062062 
0.211014 0.443908 0.061544 0.043731 0.219383 0.020420 
0.030228 0.012607 0.906673 0.028199 0.019828 0.002465 
0.408153 0.034689 0.041011 0.046551 0.410791 0.058805 
0.471844 0.117803 0.064281 0.045478 0.242977 0.057616 
0.314800 0.055686 0.079379 0.080110 0.409408 0.060616 
0.621051 0.103242 0.033704 0.023800 0.156330 0.061872 
0.358049 0.089155 0.076934 0.069909 0.319810 0.086143 
0.385745 0.294707 0.074663 0.020738 0.184951 0.039195 
0.318904 0.054374 0.062685 0.062568 0.421363 0.080106 
0.217489 0.301730 0.038122 0.055905 0.350702 0.036053 
0.746929 0.034038 0.019537 0.016074 0.107272 0.076149 
0.677470 0.038718 0.026168 0.024674 0.154832 0.078137 
0.510108 0.091921 0.108263 0.023939 0.226632 0.039137 
0.532929 0.037635 0.060055 0.049023 0.239883 0.080475 
0.587173 0.050740 0.088598 0.022769 0.164682 0.086038 
0.523094 0.038363 0.095394 0.063991 0.234057 0.045101 
0.528652 0.111076 0.031043 0.068343 0.213281 0.047604 
0.613676 0.067430 0.020039 0.032324 0.191919 0.074612 
0.420315 0.045770 0.099388 0.021989 0.279432 0.133106 
0.560387 0.047742 0.072316 0.038144 0.186301 0.095110 
0.132851 0.246700 0.145453 0.110635 0.279896 0.084466 
0.582257 0.080157 0.043605 0.039208 0.209328 0.045445 
0.517083 0.049373 0.060977 0.047201 0.239253 0.086112 
0.590563 0.047439 0.054590 0.041059 0.213334 0.053015 
0.384757 0.094550 0.092576 0.101909 0.297036 0.029173 
0.502751 0.104213 0.054311 0.068657 0.221878 0.048191 
0.389740 0.259176 0.045833 0.122140 0.135495 0.047616 
0.420532 0.157567 0.049232 0.078095 0.264453 0.030121 
0.490837 0.056476 0.055358 0.027711 0.307500 0.062119 
0.554486 0.065003 0.091584 0.063099 0.166733 0.059095 
0.442950 0.168204 0.059564 0.075203 0.222556 0.031523 
0.459562 0.072578 0.087591 0.038324 0.262132 0.079813 
0.539174 0.096507 0.068635 0.023448 0.218354 0.053883 
0.249974 0.229621 0.062450 0.048514 0.307503 0.101938 
0.493734 0.210954 0.034807 0.055435 0.170996 0.034074 
0.460032 0.057508 0.057976 0.041332 0.297775 0.085377 
0.597797 0.040096 0.016789 0.076939 0.199043 0.069336 
0.541733 0.050222 0.038121 0.063647 0.173171 0.133106 
0.502983 0.208985 0.047612 0.046900 0.135418 0.058102 
0.521240 0.031417 0.061023 0.074080 0.238009 0.074230 
0.631410 0.028500 0.036500 0.038864 0.220806 0.043921 
0.483865 0.089312 0.080597 0.024561 0.283103 0.038563 
0.308199 0.325721 0.080163 0.108914 0.108562 0.068441 
0.415087 0.141043 0.046129 0.072575 0.299488 0.025679 
0.023199 0.013581 0.853561 0.053623 0.051135 0.004900 
0.358602 0.083445 0.069021 0.041061 0.305617 0.142253 
0.626842 0.065320 0.083188 0.080326 0.107834 0.036490 
0.568188 0.059478 0.100768 0.028322 0.179202 0.064041 
0.574528 0.074160 0.039431 0.029019 0.203309 0.079553 
0.295885 0.371128 0.053654 0.094006 0.151822 0.033505 
0.572165 0.074660 0.072133 0.036730 0.211218 0.033093 
0.502252 0.013155 0.127429 0.075757 0.234960 0.046447 
0.540015 0.032645 0.062839 0.037114 0.298204 0.029184 
0.379438 0.103033 0.109996 0.125599 0.176363 0.105569 
0.399478 0.426090 0.021060 0.023999 0.078805 0.050567 
0.019512 0.703119 0.082400 0.096791 0.089422 0.008756 
0.285039 0.065459 0.100780 0.117926 0.357191 0.073604 
0.364747 0.066924 0.087605 0.039337 0.360509 0.080878 
0.545060 0.087208 0.046108 0.033778 0.217693 0.070152 
0.154128 0.320457 0.108901 0.042332 0.313793 0.060389 
0.420906 0.114969 0.061242 0.063793 0.293745 0.045345 
0.523367 0.043305 0.064382 0.061151 0.223219 0.084576 
0.456946 0.148260 0.049782 0.066816 0.216804 0.061391 
0.384148 0.412889 0.012292 0.022996 0.113065 0.054610 
0.500702 0.186261 0.050038 0.022187 0.165044 0.075768 
0.470635 0.214813 0.053897 0.064862 0.148686 0.047106 
0.511227 0.050649 0.037806 0.052459 0.268569 0.079289 
0.575021 0.139456 0.076758 0.009065 0.167447 0.032253 
0.478265 0.033758 0.071474 0.039286 0.308563 0.068655 
0.274426 0.090563 0.056521 0.072276 0.441108 0.065105 
0.125556 0.055851 0.313516 0.031171 0.448581 0.025324 
0.414722 0.078831 0.010753 0.024313 0.387396 0.083986 
0.111343 0.003914 0.745947 0.008956 0.098182 0.031658 
0.427326 0.042074 0.019484 0.064816 0.362947 0.083353 
0.379164 0.059778 0.026399 0.028136 0.424533 0.081990 
0.009509 0.001542 0.006769 0.954276 0.022140 0.005764 
0.225668 0.081525 0.061371 0.084800 0.384989 0.161647 
0.264813 0.160304 0.081306 0.092762 0.303555 0.097259 
0.326821 0.092694 0.071390 0.010317 0.182797 0.315980 
0.342269 0.116217 0.092648 0.055814 0.355884 0.037168 
0.189510 0.205236 0.059400 0.050688 0.206808 0.288358 
0.184355 0.131382 0.053458 0.030035 0.338363 0.262406 
0.317629 0.124110 0.049799 0.030763 0.445477 0.032222 
0.408449 0.067418 0.078611 0.073662 0.305260 0.066601 
0.546787 0.073539 0.034225 0.017336 0.255263 0.072850 
0.242720 0.151580 0.033285 0.070641 0.417920 0.083856 
0.273528 0.286057 0.053750 0.009239 0.301984 0.075444 
0.474384 0.040664 0.065961 0.039247 0.318063 0.061681 
0.478918 0.116491 0.070024 0.032727 0.243832 0.058009 
0.305150 0.143259 0.109656 0.048678 0.359729 0.033528 
0.452721 0.085074 0.066458 0.074769 0.285419 0.035560 
0.365943 0.131271 0.090771 0.075037 0.313046 0.023932 
0.301230 0.026197 0.078222 0.065816 0.428589 0.099946 
0.421648 0.057316 0.043181 0.052289 0.383852 0.041715 
0.338536 0.039006 0.056617 0.006352 0.087356 0.472131 
0.232753 0.344874 0.065981 0.075053 0.223368 0.057971 
0.142180 0.431302 0.082738 0.051877 0.235609 0.056293 
0.320530 0.137175 0.119106 0.089929 0.256792 0.076468 
0.352800 0.099965 0.037037 0.109742 0.329242 0.071213 
0.631845 0.063339 0.023007 0.026601 0.181108 0.074100 
0.385252 0.086166 0.050083 0.049964 0.333056 0.095479 
0.330015 0.057884 0.075702 0.039994 0.420638 0.075767 
0.275307 0.394109 0.061916 0.080918 0.109126 0.078624 
0.204352 0.216645 0.040802 0.057918 0.428391 0.051891 
0.202670 0.490581 0.060166 0.062316 0.164284 0.019984 
0.282289 0.118801 0.077465 0.053230 0.382145 0.086070 
0.311827 0.204362 0.126183 0.024869 0.264872 0.067888 
0.137856 0.535551 0.068975 0.038012 0.194078 0.025528 
0.158852 0.542610 0.071615 0.045626 0.160570 0.020727 
0.212854 0.274746 0.037157 0.003957 0.124791 0.346495 
0.168106 0.092978 0.182441 0.093984 0.402095 0.060397 
0.280348 0.085862 0.062937 0.058649 0.400794 0.111410 
0.449809 0.053023 0.101272 0.034324 0.320561 0.041011 
0.491418 0.054688 0.077270 0.043557 0.229359 0.103709 
0.244069 0.046304 0.166524 0.124464 0.331106 0.087533 
0.062022 0.712943 0.040273 0.012671 0.148544 0.023547 
0.477250 0.060742 0.044046 0.071313 0.303391 0.043257 
0.160420 0.213191 0.497112 0.023206 0.086609 0.019462 
0.139095 0.698559 0.023977 0.027311 0.079932 0.031127 
0.212842 0.134458 0.103491 0.050627 0.468562 0.030020 
0.447818 0.071101 0.040081 0.060085 0.355435 0.025480 
0.241001 0.213822 0.031468 0.038062 0.303477 0.172171 
0.512901 0.056209 0.070693 0.060996 0.237918 0.061283 
0.271168 0.110679 0.068857 0.043776 0.464087 0.041433 
0.233547 0.114677 0.044280 0.072838 0.186073 0.348586 
0.274479 0.087127 0.024363 0.043797 0.360375 0.209859 
0.392515 0.273513 0.025105 0.034469 0.219478 0.054920 
0.374732 0.144422 0.065635 0.077640 0.282979 0.054592 
0.419778 0.041673 0.141030 0.025252 0.336054 0.036213 
0.411180 0.207505 0.055595 0.024174 0.260873 0.040673 
0.344389 0.044069 0.054853 0.062920 0.428704 0.065065 
0.150500 0.613726 0.032145 0.049605 0.131688 0.022336 
0.216656 0.326852 0.025363 0.026399 0.339855 0.064875 
0.267418 0.117382 0.088901 0.073545 0.393103 0.059651 
0.347004 0.083438 0.095709 0.031740 0.358434 0.083676 
0.386506 0.062584 0.054438 0.056068 0.356300 0.084104 
0.232340 0.128560 0.138512 0.057546 0.397704 0.045337 
0.286582 0.038346 0.041968 0.062713 0.473367 0.097024 
0.562579 0.061399 0.089584 0.060147 0.189025 0.037267 
0.438300 0.021978 0.030009 0.008585 0.164847 0.336280 
0.192821 0.115543 0.097028 0.109744 0.389962 0.094903 
0.419094 0.055141 0.067319 0.030414 0.331985 0.096047 
0.165925 0.276322 0.086582 0.037466 0.389019 0.044686 
0.209895 0.197003 0.117181 0.088743 0.325143 0.062035 
0.406945 0.097751 0.092600 0.017608 0.310859 0.074237 
0.230612 0.235788 0.080358 0.057536 0.345162 0.050544 
0.277629 0.122631 0.144343 0.089615 0.278450 0.087333 
0.167647 0.619542 0.039450 0.093763 0.067146 0.012452 
0.418235 0.189927 0.067820 0.068868 0.232530 0.022620 
0.059824 0.693406 0.021076 0.003989 0.201499 0.020206 
0.492577 0.050112 0.037631 0.037259 0.289690 0.092732 
0.260890 0.101017 0.050523 0.065827 0.419100 0.102643 
0.209713 0.225242 0.031782 0.050826 0.358344 0.124092 
0.229487 0.055695 0.070930 0.036892 0.547009 0.059986 
0.378033 0.070717 0.096105 0.060002 0.190056 0.205087 
0.579189 0.085488 0.054047 0.077241 0.147084 0.056951 
0.307288 0.097407 0.134405 0.028087 0.392123 0.040690 
0.047331 0.045473 0.010359 0.003816 0.043991 0.849030 
4.49284 1.67688 1.20583 0.983478 3.51211 1.1936 
