-710124.758077
0
0.000000 0.000000 0.008624 0.000000 0.039050 0.027981 0.032191 0.031285 0.009145 0.000007 0.000001 0.000076 0.016054 0.022063 0.011045 0.014765 0.001553 0.000000 0.000000 0.003040 0.000000 0.000000 0.000000 0.000000 0.000000 0.000000 0.000000 0.013959 0.050522 0.053048 0.043915 0.045221 0.010261 0.000000 0.000346 0.000010 0.006298 0.007243 0.008226 0.011434 0.000001 0.013823 0.000001 0.009083 0.000000 0.000000 0.000000 0.000000 0.014237 0.000000 0.000000 0.000000 0.042300 0.039057 0.037114 0.042520 0.000002 0.000001 0.000000 0.007447 0.015786 0.011918 0.002591 0.019838 0.000000 0.002511 0.000000 0.000000 0.000000 0.000000 0.000000 0.000000 0.000000 0.000000 0.000000 0.000000 0.042749 0.048773 0.016233 0.033637 0.008301 0.006086 0.009244 0.030209 0.010986 0.022915 0.014168 0.024669 0.006425 0.000000 0.000000 0.000009 0.000000 0.000000 0.000000 0.000000 
0.000000 0.000000 0.001224 0.000000 0.000756 0.000000 0.000000 0.000000 0.002750 0.001578 0.000000 0.002737 0.003127 0.000000 0.000000 0.002516 0.006575 0.001086 0.000000 0.005445 0.071901 0.047655 0.047488 0.064962 0.000000 0.000000 0.000000 0.000000 0.000000 0.000000 0.000000 0.001528 0.000005 0.000000 0.000003 0.003742 0.004136 0.000000 0.001278 0.004811 0.001582 0.000788 0.008191 0.000000 0.038905 0.047823 0.059644 0.060782 0.002255 0.000000 0.000000 0.000000 0.000695 0.000000 0.000000 0.001353 0.000001 0.000000 0.000000 0.001400 0.003750 0.000000 0.003324 0.000726 0.000000 0.000029 0.000246 0.001229 0.048742 0.038938 0.040301 0.049669 0.000000 0.000000 0.000000 0.000000 0.000000 0.000000 0.000958 0.001914 0.000004 0.000010 0.000000 0.001433 0.000665 0.001060 0.000747 0.004196 0.002638 0.000341 0.000748 0.006218 0.070898 0.069915 0.057939 0.094642 
0.000000 0.000000 0.000000 0.000000 0.000000 0.000000 0.000000 0.000000 0.056294 0.051861 0.047837 0.046098 0.000000 0.000000 0.000000 0.000000 0.000459 0.000811 0.000000 0.000660 0.000000 0.000000 0.000000 0.000000 0.000000 0.000814 0.000000 0.000000 0.000000 0.000000 0.000000 0.000000 0.071129 0.087732 0.076037 0.080792 0.000000 0.000000 0.000000 0.000000 0.001010 0.001674 0.001703 0.000000 0.000000 0.000000 0.000000 0.000000 0.000492 0.002413 0.000000 0.000000 0.000000 0.000000 0.000000 0.000000 0.065876 0.069235 0.060081 0.064115 0.000000 0.000000 0.000000 0.000000 0.000000 0.000464 0.000000 0.000000 0.000000 0.000379 0.000000 0.000000 0.000000 0.000000 0.000000 0.000000 0.000000 0.000000 0.000000 0.000000 0.051576 0.061936 0.035879 0.060747 0.000000 0.000000 0.000000 0.000000 0.001277 0.000250 0.000018 0.000349 0.000000 0.000000 0.000000 0.000000 
0.067037 0.050277 0.042683 0.054194 0.000000 0.000000 0.001031 0.000000 0.009178 0.000775 0.004478 0.008601 0.000000 0.000000 0.000000 0.000000 0.000911 0.000000 0.000000 0.003237 0.000000 0.000000 0.000000 0.000000 0.062538 0.066305 0.066429 0.074506 0.000000 0.000000 0.000000 0.000000 0.000935 0.000000 0.002666 0.000740 0.000000 0.000000 0.000000 0.000000 0.000000 0.000002 0.000000 0.002245 0.002007 0.000000 0.000992 0.000000 0.057267 0.046601 0.047873 0.060376 0.000000 0.000000 0.000000 0.000000 0.005745 0.000274 0.000000 0.000003 0.000000 0.000789 0.000000 0.000000 0.000000 0.001897 0.000000 0.001371 0.000000 0.000000 0.004581 0.000955 0.055866 0.066029 0.038954 0.072312 0.000000 0.000000 0.000000 0.000000 0.000710 0.009002 0.000000 0.000413 0.000000 0.000000 0.000000 0.000000 0.002555 0.000000 0.000000 0.004661 0.000000 0.000000 0.000000 0.000000 
0.000000 0.000697 0.000000 0.000000 0.000000 0.000000 0.000000 0.000000 0.026326 0.023951 0.015910 0.016711 0.000000 0.000000 0.000000 0.000000 0.043703 0.034021 0.034644 0.038151 0.000000 0.000000 0.000000 0.000000 0.001868 0.002058 0.002435 0.000000 0.000000 0.000000 0.000000 0.000000 0.025515 0.026852 0.029690 0.031848 0.000000 0.000000 0.000000 0.000000 0.025728 0.032758 0.037458 0.038349 0.000000 0.000000 0.000000 0.000000 0.000000 0.001684 0.000558 0.000000 0.000000 0.000000 0.000000 0.000000 0.024937 0.021731 0.023486 0.022233 0.000000 0.000000 0.000000 0.000000 0.038474 0.030073 0.034549 0.033220 0.000000 0.000000 0.000000 0.000000 0.000000 0.001958 0.000000 0.000000 0.000000 0.000000 0.000000 0.000000 0.022867 0.029553 0.014412 0.029204 0.000000 0.000000 0.000000 0.000000 0.037428 0.046774 0.043251 0.054936 0.000000 0.000000 0.000000 0.000000 
0.000000 0.001084 0.000000 0.000000 0.000000 0.000000 0.000000 0.000000 0.007641 0.007010 0.001916 0.001562 0.015933 0.010082 0.013189 0.014130 0.037664 0.036319 0.046883 0.035100 0.000000 0.000000 0.000000 0.000000 0.000000 0.000000 0.000000 0.000000 0.000000 0.000000 0.000000 0.000000 0.009433 0.011589 0.008209 0.004521 0.008529 0.015919 0.013625 0.010567 0.034090 0.038122 0.035198 0.045532 0.000000 0.000000 0.000000 0.000000 0.000000 0.000000 0.000000 0.000000 0.000000 0.000000 0.000000 0.000000 0.009895 0.008091 0.003509 0.009383 0.011165 0.009521 0.011164 0.011764 0.036057 0.044066 0.038294 0.037501 0.000000 0.000914 0.000000 0.000000 0.000775 0.000000 0.000000 0.000000 0.000000 0.000000 0.000000 0.000000 0.009074 0.010028 0.002823 0.003363 0.017337 0.017331 0.016365 0.020320 0.051278 0.054037 0.041309 0.059640 0.000000 0.001152 0.000000 0.000000 
0.014572 0.031956 0.555890 0.178807 0.154187 0.064588 
0.011063 0.045489 0.602659 0.130580 0.135367 0.074842 
0.120570 0.020060 0.431407 0.152284 0.134132 0.141548 
0.017134 0.071730 0.404741 0.147286 0.315186 0.043922 
0.010396 0.014463 0.740273 0.087098 0.086924 0.060846 
0.018770 0.022501 0.627982 0.086855 0.141500 0.102392 
0.017179 0.022608 0.627696 0.093820 0.126202 0.112495 
0.036464 0.445316 0.059747 0.029056 0.214433 0.214983 
0.201967 0.259457 0.191241 0.142078 0.073128 0.132128 
0.126496 0.059180 0.278144 0.060275 0.439852 0.036052 
0.012535 0.000391 0.019709 0.957497 0.004394 0.005474 
0.019719 0.018436 0.640204 0.100221 0.193172 0.028248 
0.016732 0.035756 0.560339 0.082868 0.270501 0.033803 
0.009941 0.025324 0.477380 0.096710 0.336766 0.053878 
0.015595 0.068078 0.347577 0.086749 0.315391 0.166611 
0.015817 0.022529 0.640549 0.105189 0.168218 0.047697 
0.025830 0.031768 0.610598 0.079196 0.245878 0.006730 
0.021621 0.050006 0.415244 0.113883 0.335758 0.063488 
0.024467 0.240843 0.414108 0.041138 0.084946 0.194497 
0.013277 0.011265 0.776674 0.057879 0.088321 0.052584 
0.015162 0.022686 0.649079 0.072549 0.156805 0.083718 
0.018527 0.048572 0.505723 0.116653 0.219736 0.090788 
0.014883 0.034626 0.471935 0.101947 0.283272 0.093337 
0.025195 0.103075 0.317375 0.124264 0.386058 0.044033 
0.018601 0.036050 0.692411 0.083340 0.083870 0.085727 
0.209609 0.170889 0.253560 0.135640 0.072889 0.157414 
0.023872 0.021693 0.229089 0.050446 0.506906 0.167994 
0.023381 0.073032 0.384507 0.072408 0.344641 0.102031 
0.008899 0.033922 0.545778 0.077620 0.234210 0.099571 
0.023683 0.018717 0.598770 0.095056 0.190286 0.073488 
0.014876 0.018610 0.735133 0.078451 0.106562 0.046368 
0.020138 0.039245 0.335490 0.103935 0.101421 0.399771 
0.073944 0.413955 0.257628 0.048471 0.085570 0.120432 
0.023224 0.059574 0.473201 0.105551 0.299825 0.038625 
0.022119 0.037173 0.573126 0.101657 0.187918 0.078008 
0.016275 0.062845 0.553043 0.120066 0.169933 0.077838 
0.054396 0.024538 0.601967 0.099958 0.183321 0.035820 
0.017643 0.043015 0.521626 0.101147 0.239650 0.076918 
0.014682 0.015718 0.630823 0.106545 0.151120 0.081112 
0.142371 0.087647 0.434023 0.126341 0.086521 0.123096 
0.021405 0.026709 0.568506 0.104308 0.214942 0.064130 
0.004646 0.028144 0.682683 0.095874 0.073603 0.115051 
0.027653 0.024570 0.666833 0.119614 0.105164 0.056165 
0.104522 0.283295 0.263200 0.064479 0.213964 0.070540 
0.024464 0.044701 0.648474 0.108065 0.064506 0.109790 
0.034084 0.031052 0.589434 0.084990 0.197940 0.062501 
0.021685 0.062398 0.490388 0.117989 0.214312 0.093229 
0.031093 0.028641 0.651340 0.104234 0.139722 0.044970 
0.024772 0.034200 0.330329 0.108118 0.383575 0.119006 
0.012115 0.048844 0.595103 0.098604 0.173687 0.071646 
0.051982 0.438481 0.132686 0.026169 0.130623 0.220059 
0.022980 0.014330 0.525820 0.102760 0.285560 0.048549 
0.000868 0.547104 0.033137 0.006399 0.014383 0.398108 
0.021474 0.031744 0.477594 0.125345 0.275574 0.068270 
0.001271 0.173389 0.411671 0.206371 0.206469 0.000829 
0.019492 0.024210 0.706425 0.065615 0.101542 0.082717 
0.020255 0.365475 0.219317 0.045416 0.045831 0.303706 
0.396966 0.081562 0.271731 0.141729 0.067065 0.040947 
0.089479 0.234395 0.359254 0.065126 0.102337 0.149409 
0.019559 0.012935 0.659521 0.104712 0.149167 0.054105 
0.020018 0.032725 0.506175 0.154581 0.236894 0.049608 
0.013138 0.024418 0.519951 0.162265 0.231080 0.049148 
0.025336 0.033907 0.516062 0.114195 0.248282 0.062220 
0.031390 0.040260 0.509026 0.117142 0.230471 0.071712 
0.013955 0.021782 0.690370 0.087176 0.124763 0.061952 
0.343771 0.082291 0.311048 0.133373 0.084521 0.044996 
0.014226 0.025590 0.347526 0.092396 0.421958 0.098305 
0.030175 0.053102 0.487773 0.129844 0.245449 0.053657 
0.098448 0.331442 0.292438 0.079548 0.104557 0.093567 
0.016599 0.023327 0.103059 0.034350 0.670005 0.152660 
0.014231 0.046098 0.575073 0.075112 0.207527 0.081959 
0.016108 0.029485 0.590439 0.102545 0.108042 0.153381 
0.032354 0.032238 0.576160 0.082597 0.185861 0.090791 
0.011784 0.034097 0.572273 0.105922 0.226920 0.049004 
0.119485 0.164968 0.419139 0.110635 0.111754 0.074018 
0.101294 0.305459 0.300251 0.068079 0.046804 0.178114 
0.098764 0.331278 0.242258 0.056911 0.043505 0.227284 
0.270945 0.101920 0.310548 0.175576 0.065730 0.075281 
0.030346 0.034943 0.702690 0.103827 0.065015 0.063179 
0.040494 0.066070 0.577904 0.143088 0.113711 0.058733 
0.029227 0.509589 0.109270 0.022700 0.067411 0.261803 
0.028247 0.020050 0.654382 0.084428 0.202735 0.010159 
0.030002 0.029501 0.599787 0.124747 0.153175 0.062787 
0.007470 0.042847 0.595773 0.060413 0.242024 0.051472 
0.005332 0.027919 0.639165 0.095934 0.166775 0.064876 
0.021745 0.024463 0.621954 0.119159 0.179573 0.033106 
0.013466 0.017913 0.690735 0.074116 0.146858 0.056912 
0.022707 0.023254 0.583586 0.102148 0.221678 0.046627 
0.023992 0.017716 0.605334 0.073243 0.233100 0.046615 
0.018236 0.032635 0.602319 0.082052 0.200865 0.063893 
0.028212 0.508561 0.071810 0.022582 0.063276 0.305558 
0.016792 0.025987 0.636678 0.099553 0.176823 0.044167 
0.010813 0.018591 0.659628 0.102661 0.139425 0.068883 
0.016982 0.044775 0.433998 0.115799 0.324541 0.063905 
0.017724 0.070906 0.612263 0.144409 0.095855 0.058843 
0.012746 0.019392 0.688434 0.085961 0.154719 0.038749 
0.018212 0.036732 0.578041 0.127573 0.170145 0.069297 
0.023970 0.098244 0.247540 0.116850 0.401289 0.112106 
0.329842 0.079176 0.308436 0.172392 0.076146 0.034008 
0.031092 0.014255 0.728133 0.088813 0.081727 0.055980 
0.020258 0.064629 0.206276 0.097102 0.477221 0.134514 
0.012742 0.018946 0.607133 0.103030 0.171795 0.086354 
0.004145 0.024779 0.572205 0.074653 0.251519 0.072698 
0.006047 0.607629 0.030866 0.006685 0.010596 0.338176 
0.331061 0.058748 0.185912 0.284574 0.028438 0.111267 
0.005430 0.036568 0.580846 0.137500 0.038432 0.201224 
0.040944 0.024043 0.552596 0.186829 0.093843 0.101745 
0.029679 0.023574 0.598696 0.112445 0.157244 0.078361 
0.029729 0.043026 0.591141 0.082935 0.174468 0.078701 
0.024526 0.038084 0.579493 0.116274 0.142988 0.098635 
0.668053 0.951605 5.061 1.4695 2.07173 1.26737 
