-141957.870457
0
0.021237 0.022051 0.009437 0.014455 0.011962 0.012984 0.000921 0.010487 0.021565 0.015544 0.014110 0.009634 0.001330 0.004650 0.000000 0.000001 0.001150 0.000023 0.001837 0.001343 0.004762 0.000000 0.004652 0.003009 0.027750 0.031848 0.008388 0.024406 0.008896 0.015434 0.008204 0.016214 0.007312 0.021011 0.015134 0.034816 0.000000 0.006350 0.008236 0.000739 0.005478 0.010594 0.005625 0.006491 0.000826 0.000950 0.005214 0.005608 0.021183 0.033799 0.017217 0.023155 0.021661 0.014703 0.004161 0.006887 0.033669 0.025930 0.030117 0.027583 0.001439 0.004133 0.005512 0.007556 0.007185 0.003626 0.003317 0.001399 0.000000 0.005455 0.001755 0.004298 0.012640 0.031786 0.005558 0.025086 0.012949 0.022172 0.002578 0.013684 0.018043 0.009979 0.012325 0.013920 0.003558 0.000954 0.000000 0.004496 0.004116 0.009813 0.008276 0.004637 0.003368 0.003903 0.003943 0.003808 
0.000013 0.000000 0.006300 0.002360 0.000059 0.000000 0.005240 0.000529 0.007256 0.020583 0.018387 0.004767 0.005051 0.006324 0.040088 0.010904 0.024037 0.004590 0.013024 0.000252 0.001063 0.000000 0.001821 0.005270 0.011389 0.002443 0.025475 0.000000 0.000043 0.007331 0.000004 0.004276 0.021831 0.027109 0.026792 0.013764 0.023905 0.028317 0.070941 0.021742 0.006340 0.001071 0.000006 0.005158 0.000000 0.010620 0.013050 0.000000 0.004570 0.000000 0.001031 0.000000 0.000000 0.002654 0.005216 0.000004 0.005323 0.013066 0.012735 0.001069 0.009733 0.004156 0.014056 0.003875 0.004665 0.003322 0.015511 0.003488 0.000872 0.003599 0.011105 0.000550 0.016403 0.006044 0.007467 0.002759 0.037766 0.013680 0.000226 0.036119 0.053674 0.030918 0.012223 0.046174 0.006135 0.019949 0.031997 0.012894 0.022279 0.000000 0.013019 0.008896 0.000000 0.000000 0.001251 0.000000 
0.000642 0.000000 0.000004 0.000001 0.001100 0.000000 0.002080 0.001740 0.000762 0.001694 0.014459 0.000045 0.000000 0.000006 0.000000 0.000737 0.000001 0.000430 0.000001 0.000000 0.000000 0.000000 0.000001 0.000000 0.001664 0.000594 0.002641 0.000000 0.006217 0.000010 0.000001 0.005346 0.007058 0.002265 0.016556 0.002636 0.000000 0.000000 0.000000 0.000005 0.000005 0.000071 0.000001 0.000428 0.000000 0.000000 0.000001 0.000000 0.000294 0.000000 0.000000 0.000000 0.000000 0.001622 0.000556 0.004312 0.005793 0.001722 0.018313 0.003454 0.000000 0.000000 0.000001 0.000000 0.000556 0.000001 0.000017 0.001182 0.000000 0.000000 0.001349 0.000000 0.038727 0.021256 0.012525 0.021774 0.203945 0.063992 0.028431 0.235178 0.132786 0.034348 0.043280 0.054722 0.000000 0.000000 0.000000 0.000001 0.000001 0.000000 0.000001 0.000656 0.000000 0.000000 0.000000 0.000000 
0.001909 0.002818 0.000543 0.002228 0.006398 0.000000 0.003142 0.002402 0.014232 0.007827 0.035541 0.022056 0.005214 0.002134 0.000000 0.003685 0.029177 0.014661 0.036772 0.029596 0.000001 0.005664 0.003795 0.000001 0.005745 0.000001 0.002585 0.000000 0.013702 0.006551 0.008562 0.005050 0.041310 0.009335 0.040080 0.025593 0.000000 0.000000 0.000000 0.006226 0.004314 0.009425 0.030853 0.012088 0.004653 0.003308 0.007486 0.009749 0.000143 0.000000 0.000000 0.000000 0.000000 0.000002 0.003499 0.003024 0.014684 0.012628 0.032110 0.017598 0.004221 0.002762 0.000983 0.000000 0.024513 0.020222 0.019322 0.018975 0.007179 0.000000 0.006708 0.006527 0.002662 0.003078 0.000974 0.003429 0.005222 0.012464 0.006371 0.007005 0.100070 0.046279 0.044471 0.032105 0.000984 0.006078 0.000000 0.002808 0.009022 0.008566 0.007276 0.006477 0.002197 0.005680 0.005109 0.010164 
0.000419 0.000000 0.001863 0.000001 0.003063 0.001161 0.000003 0.002128 0.005855 0.002773 0.007308 0.002371 0.000000 0.001070 0.000000 0.000000 0.000001 0.000438 0.000001 0.000000 0.000345 0.000000 0.000001 0.000641 0.000171 0.000001 0.000020 0.001523 0.000231 0.000497 0.002072 0.001071 0.014809 0.006294 0.010065 0.007534 0.000000 0.000000 0.000000 0.001071 0.000670 0.001155 0.001031 0.000528 0.000000 0.000000 0.000001 0.000000 0.001416 0.000000 0.000000 0.000000 0.000000 0.000001 0.000005 0.000002 0.006835 0.008167 0.006736 0.002579 0.000000 0.000000 0.000001 0.000000 0.000060 0.000001 0.000824 0.000368 0.000000 0.000000 0.000135 0.000000 0.006920 0.009527 0.000094 0.007269 0.035961 0.010813 0.006379 0.046813 0.344808 0.102234 0.141134 0.182720 0.000001 0.000000 0.000000 0.000001 0.000001 0.000000 0.000002 0.000007 0.000000 0.000000 0.000000 0.000000 
0.380440 0.195194 0.033686 0.259079 0.131602 
0.156923 0.032179 0.201643 0.544326 0.064929 
0.085250 0.015794 0.548216 0.040278 0.310463 
0.108390 0.032408 0.495227 0.056920 0.307056 
0.137788 0.106812 0.006565 0.280496 0.468340 
0.125644 0.014388 0.402032 0.193124 0.264812 
0.021476 0.209258 0.117289 0.180704 0.471273 
0.003546 0.841243 0.054137 0.049859 0.051214 
0.073832 0.305878 0.253357 0.099771 0.267162 
0.061067 0.328024 0.250170 0.137207 0.223531 
0.086781 0.064640 0.299586 0.132456 0.416538 
0.100258 0.061398 0.264575 0.172426 0.401343 
0.217158 0.034979 0.113910 0.541524 0.092430 
0.183851 0.046546 0.118235 0.622254 0.029115 
0.140848 0.019474 0.392053 0.078850 0.368776 
0.100821 0.010973 0.391215 0.123371 0.373620 
0.543870 0.415005 0.016805 0.011000 0.013320 
0.139357 0.040425 0.015625 0.391802 0.412792 
0.096122 0.049201 0.011344 0.483168 0.360166 
0.026506 0.018208 0.567663 0.005623 0.382000 
0.062730 0.014897 0.493973 0.028322 0.400078 
0.505342 0.074611 0.198398 0.199339 0.022310 
0.018241 0.021260 0.583337 0.105306 0.271857 
0.130512 0.114568 0.306677 0.084954 0.363289 
0.075354 0.046263 0.019987 0.521864 0.336532 
0.028294 0.005066 0.809353 0.048392 0.108894 
0.084225 0.072372 0.261262 0.244685 0.337455 
0.247571 0.099145 0.212416 0.423617 0.017251 
0.325367 0.082927 0.261800 0.219736 0.110171 
0.091025 0.057634 0.530446 0.074927 0.245968 
0.205584 0.172004 0.528361 0.072664 0.021386 
0.085095 0.008582 0.205919 0.162846 0.537558 
0.048493 0.028212 0.497544 0.098512 0.327240 
0.145537 0.060589 0.473212 0.166740 0.153923 
0.040789 0.008898 0.156404 0.083261 0.710647 
0.017454 0.000248 0.393139 0.002420 0.586739 
0.152254 0.069257 0.051079 0.541444 0.185965 
0.062491 0.007686 0.475047 0.055698 0.399079 
0.051823 0.021315 0.510183 0.071518 0.345161 
0.002973 0.001922 0.793476 0.064904 0.136724 
0.089857 0.117734 0.311783 0.037193 0.443432 
0.010985 0.002834 0.523057 0.001053 0.462072 
0.033038 0.003868 0.557897 0.038107 0.367091 
0.152857 0.047149 0.533776 0.067767 0.198451 
0.399519 0.089787 0.010424 0.496101 0.004169 
0.063334 0.042163 0.142872 0.159272 0.592359 
0.056794 0.001162 0.390514 0.064158 0.487372 
0.045024 0.003728 0.334501 0.064419 0.552328 
0.197373 0.038678 0.452525 0.027103 0.284322 
0.917152 0.018538 0.033890 0.011547 0.018874 
0.170587 0.009175 0.635399 0.091748 0.093091 
0.034703 0.004370 0.597991 0.034587 0.328349 
0.221651 0.132749 0.108833 0.292200 0.244566 
0.096209 0.040407 0.457235 0.168131 0.238017 
0.174143 0.031094 0.618230 0.062621 0.113912 
0.131426 0.066934 0.200370 0.401750 0.199521 
0.087629 0.081829 0.434695 0.178748 0.217100 
0.064707 0.018937 0.458507 0.145166 0.312683 
0.136965 0.029918 0.342855 0.195941 0.294321 
0.054727 0.016679 0.541112 0.164946 0.222536 
0.100199 0.000416 0.462018 0.071264 0.366103 
0.365124 0.290803 0.117919 0.205552 0.020602 
0.193713 0.127121 0.382807 0.103673 0.192687 
0.407252 0.096978 0.335869 0.060482 0.099419 
0.82917 0.500108 1.42957 0.860608 1.27443 
