	Predicted_signature_1	Predicted_signature_2	Predicted_signature_3	Predicted_signature_4	Predicted_signature_5	Predicted_signature_6	Predicted_signature_7	Predicted_signature_8	Predicted_signature_9	Predicted_signature_10	Predicted_signature_11	
Sample_1	0.097463	0.252061	0.0	0.012536	1.4e-05	0.050558	0.165892	0.00461	0.332695	0.058304	0.025867	
Sample_2	0.047253	0.152018	0.0	0.0	0.054497	0.080695	0.261931	8e-06	0.381824	4.9e-05	0.021724	
Sample_3	0.093427	0.138597	0.0	0.02954	1e-05	0.210801	0.146509	5e-06	0.333717	4.3e-05	0.047351	
Sample_4	0.173151	0.149673	0.068115	0.0	0.04595	0.0	0.220512	6e-06	0.229677	0.097759	0.015158	
Sample_5	0.111226	0.216545	0.0	0.09272	0.04488	0.065357	1.7e-05	0.05432	0.377975	0.036961	0.0	
Sample_6	0.082443	0.41222	0.0	0.05456	1e-05	0.0	0.025053	0.02089	0.342084	0.06274	0.0	
Sample_7	0.121428	0.029762	0.0	0.0	0.047975	0.0	0.158461	0.025669	0.561144	0.05556	0.0	
Sample_8	0.261805	0.086545	0.0	1e-06	1.1e-05	0.0	1.5e-05	6e-06	0.498968	0.087973	0.064676	
Sample_9	0.109359	0.050993	0.0	0.0	1.4e-05	0.11452	0.02636	0.022152	0.505085	0.076337	0.095178	
Sample_10	0.012716	0.043222	0.073058	0.0	0.031632	0.139507	1.3e-05	0.06913	0.589215	0.041506	0.0	
Sample_11	0.040563	0.054735	0.038281	0.022916	0.08066	0.174429	0.058361	0.100155	0.355834	0.074065	0.0	
Sample_12	1.9e-05	0.150881	0.020374	0.051457	0.179644	0.0	0.048484	0.03791	0.472019	0.039212	0.0	
Sample_13	0.035278	0.148342	0.0	0.0	0.13123	0.0	0.024703	0.20553	0.361787	0.022415	0.070713	
Sample_14	0.041926	0.109529	0.0	0.061227	0.22743	0.039922	0.04367	0.198426	0.243642	0.012331	0.021897	
Sample_15	6e-06	0.005444	0.0	0.094374	0.293327	0.0	0.0873	0.234208	0.260514	0.011206	0.013622	
Sample_16	0.086788	0.115076	0.053025	0.039031	0.135917	0.12457	0.143268	0.106574	0.195712	4e-05	0.0	
Sample_17	0.04404	0.000255	0.28902	0.28038	9e-06	0.035796	0.027177	0.021531	0.301724	6.7e-05	0.0	
Sample_18	0.132292	0.121914	0.186082	0.1472	1.3e-05	0.0	1.7e-05	7e-06	0.374345	0.03813	0.0	
Sample_19	0.114527	0.022619	0.123762	0.236469	0.158301	0.0	0.037306	7e-06	0.187399	0.119611	0.0	
Sample_20	0.156119	0.281736	0.0	0.180296	1.2e-05	0.161541	0.099732	0.046428	4.9e-05	0.074088	0.0	
Sample_21	0.112099	0.3402	0.0	0.11929	0.080181	0.0	0.210636	0.044996	0.09255	4.7e-05	0.0	
Sample_22	0.038051	0.8751	0.0	0.025964	5e-06	0.0	1.2e-05	0.040804	3.1e-05	0.020034	0.0	
Sample_23	7e-06	0.960034	0.0	0.0	5e-06	0.0	0.012244	3e-06	0.010244	0.017463	0.0	
Sample_24	0.051843	0.78335	0.0	0.0	1.2e-05	0.072919	0.05709	6e-06	5.7e-05	0.034721	0.0	
Sample_25	0.092273	0.745068	0.0	0.0	8e-06	0.0	0.071975	6e-06	0.071669	0.019001	0.0	
Sample_26	0.055505	0.759671	0.0	0.0	9e-06	0.0	0.035379	0.034999	0.066202	0.048234	0.0	
Sample_27	2e-05	0.715709	0.065209	0.018452	0.078268	0.011141	0.069046	0.015258	4.4e-05	0.026853	0.0	
Sample_28	0.103301	0.533149	0.0	0.026107	1.2e-05	0.0	0.163422	0.033356	0.100506	0.040147	0.0	
Sample_29	0.002303	0.544078	0.243958	0.05746	0.040267	0.080649	1.5e-05	8e-06	0.031209	5.3e-05	0.0	
Sample_30	0.078266	0.187337	0.148772	0.058121	0.055483	0.12511	0.156443	5e-06	0.144202	0.04626	0.0	
Sample_31	3.2e-05	0.241273	0.132872	0.0	0.06674	0.0	0.218875	8e-06	0.170154	0.056775	0.113269	
Sample_32	0.019383	0.111278	0.0	0.087146	0.094391	0.150414	0.473589	0.063696	5.8e-05	4.4e-05	0.0	
Sample_33	2.7e-05	0.000156	0.0	0.0	0.201566	0.089583	0.63537	0.058479	4.8e-05	2.3e-05	0.014748	
Sample_34	1.9e-05	0.202079	0.0	0.05896	0.090358	0.0	0.433499	0.063664	0.141143	0.010279	0.0	
Sample_35	0.339428	0.049307	0.0	1e-06	0.483808	0.0	0.071706	5e-06	0.007482	0.011809	0.036455	
Sample_36	0.425831	0.000637	0.135558	1e-06	0.354644	0.0	1.4e-05	8e-06	0.065093	0.018216	0.0	
Sample_37	0.309462	0.117442	0.0	0.159947	0.246108	0.0	1.5e-05	9e-06	0.110087	0.056931	0.0	
Sample_38	0.656988	0.025154	0.0	0.0	0.119292	0.0	1.2e-05	8e-06	0.189881	0.008665	0.0	
Sample_39	0.730337	0.033747	0.0	0.0	0.07491	0.0	0.026405	0.065574	0.058613	0.010413	0.0	
Sample_40	0.037417	0.037381	0.181262	0.042061	0.130338	0.0	0.017315	0.514869	0.029276	0.01008	0.0	
Sample_41	0.023136	0.016191	0.196369	0.0	0.07902	0.0	0.048505	0.601323	0.003155	0.006899	0.025403	
Sample_42	2.7e-05	0.077732	0.189352	0.0	0.24572	0.0	1.8e-05	0.48702	5.6e-05	7.4e-05	0.0	
Sample_43	2.5e-05	0.057933	0.195891	0.0	0.240499	0.0	1.5e-05	0.505568	4.7e-05	2.1e-05	0.0	
Sample_44	2.4e-05	0.059181	0.174931	0.0	0.27175	0.0	1.3e-05	0.494036	4.3e-05	2.1e-05	0.0	
Sample_45	1.6e-05	0.004748	0.0	0.0	0.167058	0.0	9e-06	0.826179	2.7e-05	0.001962	0.0	
Sample_46	1.4e-05	0.003761	0.0	0.0	0.152103	0.0	9e-06	0.841958	2.7e-05	0.002127	0.0	
Sample_47	0.061021	0.139488	0.124632	0.087386	0.071777	0.003679	1.2e-05	0.379385	0.064077	0.068543	0.0	
Sample_48	0.040405	0.074949	0.121577	0.083257	0.050266	0.035947	1.5e-05	0.477112	0.093517	0.00324	0.019716	
Sample_49	0.046671	0.033875	0.373636	0.016174	0.147538	0.005517	2e-06	0.357209	0.009212	0.005975	0.00419	
Sample_50	0.043339	0.029957	0.0	0.0	1e-05	0.0	8e-06	5e-06	0.078174	0.848507	0.0	
Sample_51	1e-05	0.00053	0.0	0.0	7e-06	0.071655	0.027499	0.010715	0.00862	0.880965	0.0	
Sample_52	1.1e-05	0.124558	0.016744	0.0	7e-06	0.056181	0.022337	5e-06	3.1e-05	0.780127	0.0	
Sample_53	0.005568	0.120087	0.0	0.0	5e-06	0.046995	4e-06	2e-06	1.8e-05	0.827321	0.0	
Sample_54	1.2e-05	0.036216	0.003486	0.0	7e-06	0.174051	0.010293	0.02333	0.053129	0.699475	0.0	
Sample_55	0.019642	0.067531	0.01145	1e-06	0.044601	0.0	0.109118	0.02738	0.096136	0.624142	0.0	
Sample_56	0.017652	0.023263	0.0	1e-06	0.053366	0.042593	1.7e-05	6e-06	0.142126	0.720977	0.0	
Sample_57	3.1e-05	0.116206	0.0	1e-06	1.6e-05	0.166411	0.233696	0.052524	6.7e-05	0.431049	0.0	
Sample_58	0.01573	0.042907	0.0	0.0	0.027914	0.677846	0.070643	1e-06	0.005128	0.159833	0.0	
Sample_59	0.081189	0.071651	0.0	0.0	0.035627	0.47829	0.117399	0.027562	0.056452	0.131829	0.0	
Sample_60	0.061497	0.119547	0.0	0.00728	0.029556	0.408762	0.052873	2e-06	0.182585	0.137896	0.0	
Sample_61	0.032772	0.000283	0.0	0.21288	0.011832	0.0	0.06647	8e-06	6.3e-05	0.007363	0.668329	
Sample_62	0.040117	0.000289	0.0	0.225587	1.5e-05	0.0	0.063503	8e-06	5.3e-05	0.003859	0.666569	
Sample_63	1e-06	1.2e-05	0.0	0.169163	0.0	0.0	0.0	0.004486	1e-06	0.000511	0.825826	
Sample_64	4e-06	0.000236	0.0	0.342908	2e-06	0.0	0.011692	2e-06	1.3e-05	3e-06	0.64514	
